0	129450.18	0.00
0	213134.30	0.00
1	251614.90	0.00
1	153200.24	0.00
10	261929.14	0.00
10	318852.21	0.00
100	208163.07	0.00
100	182218.85	0.00
1000	52124.81	0.00
1000	191703.06	0.00
1001	135975.62	0.00
1001	206047.51	0.00
1002	142836.20	0.00
1002	195680.14	0.00
1003	127701.14	0.00
1003	227075.84	0.00
1004	235268.29	0.00
1004	202384.95	0.00
1005	218883.64	0.00
1005	210560.29	0.00
1006	53697.45	0.00
1006	14999.00	0.00
1007	45386.66	0.00
1007	213124.21	0.00
1008	56900.77	0.00
1008	158166.04	0.00
1009	308526.28	0.00
1009	229352.84	0.00
101	76803.50	0.00
101	309355.69	0.00
1010	258274.57	0.00
1010	42694.36	0.00
1011	166120.84	0.00
1011	148976.42	0.00
1012	99251.80	0.00
1012	271182.40	0.00
1013	242378.76	0.00
1013	118250.36	0.00
1014	103324.10	0.00
1014	104450.61	0.00
1015	194716.44	0.00
1015	351940.15	0.00
1016	49569.89	0.00
1016	254053.60	0.00
1017	280512.52	0.00
1017	38390.07	0.00
1018	221420.63	0.00
1018	143288.66	0.00
1019	248492.01	0.00
1019	76261.31	0.00
102	46011.58	0.00
102	291520.25	0.00
1020	30296.80	0.00
1020	14999.00	0.00
1021	198902.39	0.00
1021	78021.91	0.00
1022	145887.10	0.00
1022	163215.96	0.00
1023	118166.50	0.00
1023	41496.03	0.00
1024	14999.00	0.00
1024	57115.31	0.00
1025	215693.77	0.00
1025	179163.82	0.00
1026	116530.28	0.00
1026	184978.82	0.00
1027	186807.29	0.00
1027	136695.70	0.00
1028	14999.00	0.00
1028	72929.06	0.00
1029	179124.72	0.00
1029	70341.50	0.00
103	220288.74	0.00
103	52263.19	0.00
1030	295960.93	0.00
1030	14999.00	0.00
1031	219160.81	0.00
1031	218920.92	0.00
1032	220212.08	0.00
1032	130054.08	0.00
1033	78484.13	0.00
1033	213990.55	0.00
1034	154943.61	0.00
1034	94596.14	0.00
1035	24431.78	0.00
1035	186674.24	0.00
1036	198394.11	0.00
1036	211378.35	0.00
1037	288373.87	0.00
1037	14999.00	0.00
1038	53008.15	0.00
1038	327566.66	0.00
1039	100912.01	0.00
1039	31083.41	0.00
104	108812.68	0.00
104	112606.70	0.00
1040	136456.62	0.00
1040	187844.48	0.00
1041	161351.47	0.00
1041	88653.68	0.00
1042	14999.00	0.00
1042	190331.29	0.00
1043	37461.34	0.00
1043	111159.63	0.00
1044	67029.00	0.00
1044	308172.55	0.00
1045	85643.92	0.00
1045	187287.61	0.00
1046	293274.93	0.00
1046	14999.00	0.00
1047	116967.31	0.00
1047	110078.81	0.00
1048	278592.34	0.00
1048	199665.38	0.00
1049	78252.30	0.00
1049	242661.33	0.00
105	143960.08	0.00
105	181209.18	0.00
1050	252500.91	0.00
1050	257858.04	0.00
1051	140981.08	0.00
1051	155413.36	0.00
1052	276587.35	0.00
1052	89226.52	0.00
1053	89527.96	0.00
1053	21228.31	0.00
1054	106249.17	0.00
1054	160550.19	0.00
1055	14999.00	0.00
1055	229850.05	0.00
1056	14999.00	0.00
1056	153885.46	0.00
1057	211851.03	0.00
1057	215340.35	0.00
1058	101910.28	0.00
1058	196900.64	0.00
1059	179852.74	0.00
1059	14999.00	0.00
106	237246.63	0.00
106	214484.37	0.00
1060	172135.31	0.00
1060	252101.74	0.00
1061	138025.48	0.00
1061	108969.72	0.00
1062	124777.87	0.00
1062	208515.96	0.00
1063	150760.40	0.00
1063	156645.75	0.00
1064	342667.60	0.00
1064	14999.00	0.00
1065	14999.00	0.00
1065	287790.46	0.00
1066	14999.00	0.00
1066	52046.80	0.00
1067	234285.63	0.00
1067	224822.11	0.00
1068	39503.71	0.00
1068	164638.68	0.00
1069	40205.37	0.00
1069	123802.89	0.00
107	247754.52	0.00
107	218941.65	0.00
1070	118491.72	0.00
1070	144412.55	0.00
1071	32285.84	0.00
1071	163087.78	0.00
1072	123660.25	0.00
1072	187614.09	0.00
1073	138738.76	0.00
1073	339129.77	0.00
1074	235969.28	0.00
1074	64449.44	0.00
1075	148491.44	0.00
1075	78533.00	0.00
1076	50868.03	0.00
1076	194589.19	0.00
1077	14999.00	0.00
1077	122499.87	0.00
1078	39635.84	0.00
1078	14999.00	0.00
1079	270063.89	0.00
1079	237069.98	0.00
108	28279.22	0.00
108	36412.62	0.00
1080	251509.64	0.00
1080	193472.00	0.00
1081	14999.00	0.00
1081	140125.76	0.00
1082	264674.45	0.00
1082	75946.92	0.00
1083	163503.66	0.00
1083	134520.64	0.00
1084	25125.35	0.00
1084	163075.44	0.00
1085	96582.88	0.00
1085	129550.32	0.00
1086	14999.00	0.00
1086	14999.00	0.00
1087	252822.39	0.00
1087	347747.88	0.00
1088	210003.17	0.00
1088	215764.24	0.00
1089	14999.00	0.00
1089	227660.54	0.00
109	210382.52	0.00
109	26371.24	0.00
1090	72767.03	0.00
1090	14999.00	0.00
1091	14999.00	0.00
1091	60705.14	0.00
1092	59350.12	0.00
1092	107020.56	0.00
1093	252563.60	0.00
1093	177406.48	0.00
1094	291579.43	0.00
1094	235909.25	0.00
1095	14999.00	0.00
1095	173903.41	0.00
1096	224857.74	0.00
1096	59935.56	0.00
1097	73092.09	0.00
1097	100442.58	0.00
1098	117369.80	0.00
1098	14999.00	0.00
1099	253689.22	0.00
1099	55437.36	0.00
11	14999.00	0.00
11	14999.00	0.00
110	308176.95	0.00
110	170670.18	0.00
1100	104408.86	0.00
1100	109334.66	0.00
1101	14999.00	0.00
1101	44383.70	0.00
1102	344915.78	0.00
1102	216459.73	0.00
1103	253421.40	0.00
1103	152406.48	0.00
1104	93896.90	0.00
1104	255776.25	0.00
1105	226576.42	0.00
1105	33488.56	0.00
1106	205631.64	0.00
1106	112936.17	0.00
1107	141342.76	0.00
1107	43012.64	0.00
1108	14999.00	0.00
1108	38533.31	0.00
1109	212345.98	0.00
1109	56747.91	0.00
111	181817.00	0.00
111	43178.32	0.00
1110	49393.92	0.00
1110	143952.00	0.00
1111	250611.95	0.00
1111	69836.59	0.00
1112	102335.69	0.00
1112	34816.23	0.00
1113	102826.64	0.00
1113	254676.21	0.00
1114	181845.47	0.00
1114	153148.94	0.00
1115	14999.00	0.00
1115	16761.06	0.00
1116	14999.00	0.00
1116	278124.54	0.00
1117	18017.75	0.00
1117	239562.52	0.00
1118	133380.99	0.00
1118	36212.00	0.00
1119	297845.32	0.00
1119	145989.00	0.00
112	127635.30	0.00
112	349004.26	0.00
1120	14999.00	0.00
1120	30127.42	0.00
1121	53955.99	0.00
1121	203456.84	0.00
1122	151441.04	0.00
1122	312130.53	0.00
1123	194136.98	0.00
1123	282295.26	0.00
1124	203715.17	0.00
1124	14999.00	0.00
1125	136780.35	0.00
1125	14999.00	0.00
1126	194969.22	0.00
1126	169628.95	0.00
1127	270607.79	0.00
1127	14999.00	0.00
1128	54731.01	0.00
1128	110204.56	0.00
1129	297401.58	0.00
1129	170693.86	0.00
113	98690.69	0.00
113	106115.72	0.00
1130	281989.65	0.00
1130	269030.15	0.00
1131	14999.00	0.00
1131	161439.74	0.00
1132	97383.08	0.00
1132	53257.78	0.00
1133	274563.75	0.00
1133	249662.92	0.00
1134	162067.93	0.00
1134	94370.09	0.00
1135	272779.91	0.00
1135	14999.00	0.00
1136	14999.00	0.00
1136	55355.80	0.00
1137	150411.88	0.00
1137	187427.24	0.00
1138	191226.98	0.00
1138	127707.36	0.00
1139	14999.00	0.00
1139	191533.88	0.00
114	169923.69	0.00
114	112862.20	0.00
1140	154780.48	0.00
1140	40444.49	0.00
1141	222075.50	0.00
1141	14999.00	0.00
1142	48686.12	0.00
1142	14999.00	0.00
1143	43014.78	0.00
1143	34911.17	0.00
1144	299056.65	0.00
1144	113117.73	0.00
1145	171811.81	0.00
1145	14999.00	0.00
1146	186030.47	0.00
1146	14999.00	0.00
1147	193301.63	0.00
1147	42557.97	0.00
1148	85240.19	0.00
1148	14999.00	0.00
1149	72147.23	0.00
1149	212032.27	0.00
115	206319.15	0.00
115	111967.19	0.00
1150	261507.94	0.00
1150	87135.34	0.00
1151	106951.25	0.00
1151	160154.04	0.00
1152	79107.49	0.00
1152	14999.00	0.00
1153	217822.06	0.00
1153	306150.10	0.00
1154	74231.11	0.00
1154	238366.74	0.00
1155	125941.09	0.00
1155	284947.98	0.00
1156	165380.13	0.00
1156	253536.24	0.00
1157	122348.50	0.00
1157	190108.64	0.00
1158	215189.90	0.00
1158	256137.26	0.00
1159	241509.91	0.00
1159	50486.87	0.00
116	141948.18	0.00
116	244574.39	0.00
1160	14999.00	0.00
1160	131227.10	0.00
1161	14999.00	0.00
1161	137075.37	0.00
1162	84863.62	0.00
1162	28746.43	0.00
1163	14999.00	0.00
1163	279123.25	0.00
1164	14999.00	0.00
1164	40694.41	0.00
1165	234957.98	0.00
1165	14999.00	0.00
1166	134630.11	0.00
1166	162704.28	0.00
1167	215045.76	0.00
1167	135191.85	0.00
1168	14999.00	0.00
1168	189831.16	0.00
1169	241217.76	0.00
1169	273430.28	0.00
117	71558.95	0.00
117	14999.00	0.00
1170	189696.80	0.00
1170	81118.99	0.00
1171	243231.59	0.00
1171	125530.85	0.00
1172	158505.29	0.00
1172	44991.14	0.00
1173	119674.25	0.00
1173	14999.00	0.00
1174	102118.40	0.00
1174	124404.37	0.00
1175	242656.93	0.00
1175	38925.73	0.00
1176	121587.38	0.00
1176	365496.20	0.00
1177	61785.08	0.00
1177	151142.86	0.00
1178	91773.77	0.00
1178	252696.38	0.00
1179	145069.43	0.00
1179	65021.93	0.00
118	100854.62	0.00
118	14999.00	0.00
1180	258136.86	0.00
1180	179594.19	0.00
1181	270241.66	0.00
1181	163635.89	0.00
1182	286029.17	0.00
1182	297452.43	0.00
1183	127733.71	0.00
1183	90562.57	0.00
1184	276615.92	0.00
1184	15100.50	0.00
1185	42730.05	0.00
1185	208113.93	0.00
1186	149343.86	0.00
1186	179107.53	0.00
1187	96983.11	0.00
1187	331488.22	0.00
1188	222713.80	0.00
1188	262145.09	0.00
1189	295729.40	0.00
1189	123853.23	0.00
119	237310.47	0.00
119	241732.68	0.00
1190	184520.73	0.00
1190	178306.80	0.00
1191	119190.77	0.00
1191	213524.36	0.00
1192	321636.29	0.00
1192	309361.00	0.00
1193	81608.10	0.00
1193	145390.11	0.00
1194	229176.48	0.00
1194	61682.06	0.00
1195	81867.78	0.00
1195	167344.88	0.00
1196	221773.17	0.00
1196	14999.00	0.00
1197	14999.00	0.00
1197	213005.01	0.00
1198	28562.98	0.00
1198	148934.55	0.00
1199	22537.05	0.00
1199	245763.52	0.00
12	37453.61	0.00
12	240896.25	0.00
120	305825.82	0.00
120	85587.41	0.00
1200	14999.00	0.00
1200	50691.44	0.00
1201	237134.14	0.00
1201	149821.22	0.00
1202	135181.99	0.00
1202	213266.85	0.00
1203	47874.03	0.00
1203	132646.33	0.00
1204	135300.71	0.00
1204	73988.65	0.00
1205	135266.44	0.00
1205	93255.40	0.00
1206	182211.93	0.00
1206	28125.13	0.00
1207	14999.00	0.00
1207	271103.80	0.00
1208	14999.00	0.00
1208	176842.14	0.00
1209	120485.84	0.00
1209	279693.16	0.00
121	190481.18	0.00
121	31926.96	0.00
1210	14999.00	0.00
1210	277276.94	0.00
1211	17377.78	0.00
1211	182044.98	0.00
1212	156653.08	0.00
1212	261125.97	0.00
1213	184736.07	0.00
1213	239003.58	0.00
1214	224941.38	0.00
1214	113872.44	0.00
1215	222975.38	0.00
1215	14999.00	0.00
1216	122458.00	0.00
1216	21583.22	0.00
1217	229272.72	0.00
1217	14999.00	0.00
1218	184153.24	0.00
1218	190376.11	0.00
1219	86982.40	0.00
1219	89615.59	0.00
122	210330.94	0.00
122	171535.09	0.00
1220	202570.13	0.00
1220	199605.65	0.00
1221	118637.96	0.00
1221	284361.58	0.00
1222	25668.35	0.00
1222	15546.40	0.00
1223	14999.00	0.00
1223	285696.93	0.00
1224	59516.61	0.00
1224	14999.00	0.00
1225	14999.00	0.00
1225	27157.99	0.00
1226	14999.00	0.00
1226	113607.26	0.00
1227	144948.92	0.00
1227	182614.84	0.00
1228	258977.22	0.00
1228	90460.57	0.00
1229	219034.63	0.00
1229	251894.77	0.00
123	14999.00	0.00
123	170971.03	0.00
1230	121865.56	0.00
1230	141759.91	0.00
1231	154769.12	0.00
1231	190608.67	0.00
1232	267229.17	0.00
1232	316009.89	0.00
1233	229431.41	0.00
1233	136127.34	0.00
1234	21782.88	0.00
1234	174674.92	0.00
1235	116603.91	0.00
1235	289317.19	0.00
1236	162223.62	0.00
1236	77975.56	0.00
1237	287933.28	0.00
1237	131178.66	0.00
1238	64607.40	0.00
1238	260743.80	0.00
1239	88205.02	0.00
1239	212373.62	0.00
124	182070.32	0.00
124	98218.54	0.00
1240	312272.09	0.00
1240	248553.64	0.00
1241	14999.00	0.00
1241	147632.10	0.00
1242	200680.40	0.00
1242	14999.00	0.00
1243	183145.89	0.00
1243	262635.25	0.00
1244	279756.53	0.00
1244	155981.95	0.00
1245	146626.44	0.00
1245	14999.00	0.00
1246	271567.39	0.00
1246	222118.93	0.00
1247	64548.83	0.00
1247	231587.29	0.00
1248	221939.75	0.00
1248	335633.90	0.00
1249	204904.26	0.00
1249	102551.23	0.00
125	196730.30	0.00
125	247477.23	0.00
1250	164633.50	0.00
1250	325262.19	0.00
1251	14999.00	0.00
1251	145601.56	0.00
1252	28005.52	0.00
1252	94300.52	0.00
1253	224897.12	0.00
1253	113617.13	0.00
1254	157537.02	0.00
1254	77905.73	0.00
1255	179281.37	0.00
1255	214584.88	0.00
1256	138889.49	0.00
1256	14999.00	0.00
1257	210722.83	0.00
1257	53220.27	0.00
1258	14999.00	0.00
1258	14999.00	0.00
1259	262795.13	0.00
1259	87661.87	0.00
126	183538.67	0.00
126	96363.68	0.00
1260	259273.03	0.00
1260	38453.08	0.00
1261	275086.13	0.00
1261	235833.40	0.00
1262	77694.34	0.00
1262	82940.72	0.00
1263	109153.18	0.00
1263	14999.00	0.00
1264	142618.98	0.00
1264	348090.12	0.00
1265	84393.67	0.00
1265	57739.19	0.00
1266	262594.88	0.00
1266	79218.17	0.00
1267	137386.26	0.00
1267	101657.31	0.00
1268	14999.00	0.00
1268	96494.57	0.00
1269	208667.93	0.00
1269	14999.00	0.00
127	27873.94	0.00
127	55394.25	0.00
1270	288300.56	0.00
1270	36582.26	0.00
1271	194926.74	0.00
1271	14999.00	0.00
1272	308609.57	0.00
1272	176127.44	0.00
1273	14999.00	0.00
1273	108454.21	0.00
1274	174931.35	0.00
1274	82596.68	0.00
1275	291752.92	0.00
1275	18990.23	0.00
1276	54043.74	0.00
1276	112444.40	0.00
1277	189748.82	0.00
1277	216710.63	0.00
1278	200062.60	0.00
1278	150696.58	0.00
1279	213000.36	0.00
1279	14999.00	0.00
128	275403.09	0.00
128	47761.96	0.00
1280	101564.95	0.00
1280	151388.19	0.00
1281	90130.19	0.00
1281	34388.64	0.00
1282	120612.10	0.00
1282	306907.17	0.00
1283	92468.05	0.00
1283	133790.91	0.00
1284	236718.44	0.00
1284	14999.00	0.00
1285	67525.66	0.00
1285	14999.00	0.00
1286	148761.16	0.00
1286	213665.05	0.00
1287	69683.74	0.00
1287	231742.98	0.00
1288	20810.98	0.00
1288	278404.59	0.00
1289	14999.00	0.00
1289	187783.76	0.00
129	342485.13	0.00
129	214338.22	0.00
1290	142138.51	0.00
1290	170794.33	0.00
1291	50048.36	0.00
1291	179821.19	0.00
1292	124028.48	0.00
1292	123795.91	0.00
1293	14999.00	0.00
1293	358763.68	0.00
1294	240342.39	0.00
1294	322389.04	0.00
1295	98354.04	0.00
1295	94961.10	0.00
1296	14999.00	0.00
1296	137787.85	0.00
1297	127928.87	0.00
1297	211543.12	0.00
1298	263106.29	0.00
1298	251291.97	0.00
1299	80770.93	0.00
1299	143159.47	0.00
13	27705.93	0.00
13	14999.00	0.00
130	119260.15	0.00
130	239360.56	0.00
1300	75888.12	0.00
1300	108135.24	0.00
1301	239007.68	0.00
1301	281975.40	0.00
1302	161737.27	0.00
1302	132197.48	0.00
1303	127228.18	0.00
1303	244150.85	0.00
1304	133106.93	0.00
1304	85735.08	0.00
1305	207312.69	0.00
1305	194838.70	0.00
1306	14999.00	0.00
1306	127478.68	0.00
1307	182736.47	0.00
1307	291648.69	0.00
1308	79887.61	0.00
1308	113450.15	0.00
1309	16266.02	0.00
1309	183737.72	0.00
131	135290.74	0.00
131	248537.19	0.00
1310	195299.64	0.00
1310	23609.87	0.00
1311	14999.00	0.00
1311	31501.90	0.00
1312	284538.56	0.00
1312	85216.64	0.00
1313	14999.00	0.00
1313	66175.19	0.00
1314	106695.01	0.00
1314	173018.07	0.00
1315	65717.24	0.00
1315	88783.73	0.00
1316	96938.81	0.00
1316	239169.85	0.00
1317	93804.83	0.00
1317	305004.33	0.00
1318	233810.83	0.00
1318	244759.54	0.00
1319	34188.64	0.00
1319	211500.51	0.00
132	124566.94	0.00
132	14999.00	0.00
1320	333156.18	0.00
1320	91237.40	0.00
1321	52300.48	0.00
1321	66095.27	0.00
1322	204235.41	0.00
1322	253177.97	0.00
1323	262772.69	0.00
1323	222819.62	0.00
1324	284565.73	0.00
1324	14999.00	0.00
1325	184114.48	0.00
1325	185796.46	0.00
1326	44811.32	0.00
1326	99907.36	0.00
1327	173401.58	0.00
1327	169593.99	0.00
1328	289076.56	0.00
1328	89017.87	0.00
1329	91526.49	0.00
1329	14999.00	0.00
133	121999.66	0.00
133	182753.13	0.00
1330	223662.70	0.00
1330	322036.68	0.00
1331	310268.37	0.00
1331	35090.50	0.00
1332	107428.37	0.00
1332	14999.00	0.00
1333	223792.47	0.00
1333	173474.70	0.00
1334	161562.94	0.00
1334	14999.00	0.00
1335	14999.00	0.00
1335	59767.12	0.00
1336	246538.70	0.00
1336	33636.70	0.00
1337	61927.84	0.00
1337	169593.52	0.00
1338	142517.54	0.00
1338	259605.88	0.00
1339	14999.00	0.00
1339	186205.53	0.00
134	50870.60	0.00
134	193441.67	0.00
1340	200128.28	0.00
1340	14999.00	0.00
1341	139979.30	0.00
1341	85206.80	0.00
1342	221439.99	0.00
1342	159864.95	0.00
1343	160627.14	0.00
1343	147311.16	0.00
1344	174605.25	0.00
1344	138901.48	0.00
1345	252784.48	0.00
1345	245349.62	0.00
1346	130997.74	0.00
1346	186750.05	0.00
1347	94215.84	0.00
1347	97394.81	0.00
1348	195445.99	0.00
1348	64000.36	0.00
1349	233285.44	0.00
1349	99648.67	0.00
135	328187.54	0.00
135	190751.06	0.00
1350	131845.19	0.00
1350	152107.28	0.00
1351	56275.74	0.00
1351	184053.14	0.00
1352	273658.97	0.00
1352	92222.96	0.00
1353	14999.00	0.00
1353	14999.00	0.00
1354	131666.78	0.00
1354	170104.73	0.00
1355	266658.89	0.00
1355	309885.97	0.00
1356	229675.39	0.00
1356	127036.80	0.00
1357	216992.23	0.00
1357	104263.63	0.00
1358	164535.23	0.00
1358	27526.48	0.00
1359	34317.93	0.00
1359	261396.13	0.00
136	32488.34	0.00
136	173169.92	0.00
1360	149295.59	0.00
1360	20726.29	0.00
1361	16328.96	0.00
1361	64558.49	0.00
1362	118461.25	0.00
1362	136088.76	0.00
1363	61882.76	0.00
1363	277759.86	0.00
1364	248988.27	0.00
1364	217073.60	0.00
1365	118596.95	0.00
1365	65109.59	0.00
1366	205118.25	0.00
1366	68689.03	0.00
1367	138198.63	0.00
1367	201981.40	0.00
1368	231238.41	0.00
1368	79511.10	0.00
1369	204523.86	0.00
1369	14999.00	0.00
137	345767.65	0.00
137	47743.98	0.00
1370	31875.42	0.00
1370	14999.00	0.00
1371	48935.33	0.00
1371	116487.79	0.00
1372	14999.00	0.00
1372	14999.00	0.00
1373	103984.57	0.00
1373	247034.22	0.00
1374	145430.67	0.00
1374	64029.99	0.00
1375	143797.81	0.00
1375	217683.42	0.00
1376	117719.65	0.00
1376	155352.59	0.00
1377	211020.51	0.00
1377	14999.00	0.00
1378	113040.60	0.00
1378	276882.15	0.00
1379	14999.00	0.00
1379	178661.97	0.00
138	14999.00	0.00
138	212719.49	0.00
1380	14999.00	0.00
1380	207328.10	0.00
1381	125411.45	0.00
1381	14999.00	0.00
1382	234179.09	0.00
1382	256798.05	0.00
1383	244592.65	0.00
1383	63712.74	0.00
1384	45837.09	0.00
1384	39378.73	0.00
1385	50145.80	0.00
1385	141409.29	0.00
1386	127746.17	0.00
1386	185134.02	0.00
1387	325671.52	0.00
1387	150743.02	0.00
1388	14999.00	0.00
1388	307327.57	0.00
1389	146787.13	0.00
1389	50192.13	0.00
139	145169.93	0.00
139	91494.60	0.00
1390	73050.44	0.00
1390	282700.84	0.00
1391	50888.40	0.00
1391	225065.49	0.00
1392	25711.23	0.00
1392	213620.01	0.00
1393	317622.30	0.00
1393	14999.00	0.00
1394	150668.20	0.00
1394	14999.00	0.00
1395	91453.07	0.00
1395	149173.67	0.00
1396	225590.57	0.00
1396	324466.37	0.00
1397	226729.80	0.00
1397	244684.34	0.00
1398	119818.40	0.00
1398	206332.21	0.00
1399	212711.51	0.00
1399	14999.00	0.00
14	202596.49	0.00
14	196595.59	0.00
140	75862.31	0.00
140	195322.80	0.00
1400	14999.00	0.00
1400	225782.49	0.00
1401	16821.05	0.00
1401	168155.31	0.00
1402	131155.29	0.00
1402	121003.71	0.00
1403	248694.70	0.00
1403	116828.54	0.00
1404	241782.82	0.00
1404	14999.00	0.00
1405	14999.00	0.00
1405	134145.00	0.00
1406	336471.39	0.00
1406	14999.00	0.00
1407	182342.09	0.00
1407	27420.44	0.00
1408	17727.26	0.00
1408	135487.80	0.00
1409	14999.00	0.00
1409	124531.32	0.00
141	167853.27	0.00
141	86695.76	0.00
1410	141606.82	0.00
1410	185360.51	0.00
1411	110617.41	0.00
1411	33320.64	0.00
1412	183058.42	0.00
1412	105967.88	0.00
1413	114215.77	0.00
1413	120259.96	0.00
1414	198887.95	0.00
1414	14999.00	0.00
1415	232669.29	0.00
1415	176028.25	0.00
1416	169443.50	0.00
1416	20443.56	0.00
1417	14999.00	0.00
1417	173115.31	0.00
1418	109079.08	0.00
1418	77203.77	0.00
1419	209297.17	0.00
1419	14999.00	0.00
142	302755.54	0.00
142	108514.40	0.00
1420	42518.50	0.00
1420	32027.45	0.00
1421	88874.57	0.00
1421	14999.00	0.00
1422	116894.72	0.00
1422	14999.00	0.00
1423	224405.30	0.00
1423	134066.24	0.00
1424	120805.98	0.00
1424	132670.14	0.00
1425	94104.42	0.00
1425	240509.56	0.00
1426	116191.47	0.00
1426	271865.02	0.00
1427	136534.31	0.00
1427	44121.80	0.00
1428	153058.07	0.00
1428	55064.71	0.00
1429	154656.74	0.00
1429	40874.98	0.00
143	206739.22	0.00
143	172595.26	0.00
1430	54405.24	0.00
1430	181486.47	0.00
1431	207228.80	0.00
1431	96612.75	0.00
1432	228021.43	0.00
1432	14999.00	0.00
1433	197659.17	0.00
1433	210327.55	0.00
1434	83965.69	0.00
1434	115002.97	0.00
1435	241674.80	0.00
1435	231840.02	0.00
1436	226545.73	0.00
1436	239985.12	0.00
1437	146575.97	0.00
1437	224382.02	0.00
1438	155149.41	0.00
1438	168509.64	0.00
1439	136985.06	0.00
1439	62810.42	0.00
144	246457.99	0.00
144	202131.32	0.00
1440	50874.93	0.00
1440	187549.33	0.00
1441	173801.14	0.00
1441	168139.20	0.00
1442	56286.45	0.00
1442	297291.90	0.00
1443	222700.59	0.00
1443	117007.22	0.00
1444	210832.99	0.00
1444	14999.00	0.00
1445	129739.02	0.00
1445	272800.87	0.00
1446	316157.02	0.00
1446	62249.13	0.00
1447	317465.00	0.00
1447	14999.00	0.00
1448	183242.77	0.00
1448	30629.48	0.00
1449	117011.19	0.00
1449	209966.61	0.00
145	86905.87	0.00
145	33383.80	0.00
1450	306419.91	0.00
1450	235231.00	0.00
1451	157143.35	0.00
1451	99268.67	0.00
1452	24219.12	0.00
1452	302118.34	0.00
1453	240524.28	0.00
1453	112364.70	0.00
1454	90132.00	0.00
1454	175455.28	0.00
1455	51667.58	0.00
1455	145749.21	0.00
1456	247725.45	0.00
1456	201426.75	0.00
1457	196574.01	0.00
1457	87755.67	0.00
1458	208090.72	0.00
1458	48099.43	0.00
1459	284551.51	0.00
1459	39523.62	0.00
146	291918.82	0.00
146	192988.29	0.00
1460	14999.00	0.00
1460	138129.85	0.00
1461	14999.00	0.00
1461	197047.70	0.00
1462	69883.19	0.00
1462	184917.42	0.00
1463	220617.57	0.00
1463	14999.00	0.00
1464	121714.28	0.00
1464	181020.23	0.00
1465	191913.92	0.00
1465	211245.98	0.00
1466	305372.41	0.00
1466	54261.09	0.00
1467	130280.89	0.00
1467	33139.54	0.00
1468	190045.70	0.00
1468	100157.48	0.00
1469	35759.36	0.00
1469	268395.69	0.00
147	119260.77	0.00
147	299679.24	0.00
1470	23908.47	0.00
1470	71925.04	0.00
1471	199239.64	0.00
1471	14999.00	0.00
1472	92541.38	0.00
1472	200587.64	0.00
1473	52373.45	0.00
1473	230433.35	0.00
1474	238869.58	0.00
1474	77396.25	0.00
1475	135728.50	0.00
1475	136766.12	0.00
1476	53754.87	0.00
1476	30218.28	0.00
1477	239685.70	0.00
1477	352464.36	0.00
1478	314115.74	0.00
1478	149945.76	0.00
1479	188147.23	0.00
1479	81360.49	0.00
148	14999.00	0.00
148	195515.72	0.00
1480	128483.44	0.00
1480	357941.69	0.00
1481	14999.00	0.00
1481	118566.84	0.00
1482	211400.08	0.00
1482	187800.34	0.00
1483	206391.42	0.00
1483	130378.75	0.00
1484	54606.10	0.00
1484	14999.00	0.00
1485	175041.55	0.00
1485	241686.33	0.00
1486	134473.45	0.00
1486	36486.03	0.00
1487	14999.00	0.00
1487	166817.47	0.00
1488	14999.00	0.00
1488	40116.68	0.00
1489	197228.50	0.00
1489	267416.34	0.00
149	47216.30	0.00
149	251109.22	0.00
1490	123574.45	0.00
1490	378747.18	0.00
1491	268598.73	0.00
1491	155905.40	0.00
1492	23919.76	0.00
1492	118512.37	0.00
1493	135444.43	0.00
1493	174980.71	0.00
1494	194084.46	0.00
1494	165355.96	0.00
1495	149841.66	0.00
1495	353791.23	0.00
1496	313976.04	0.00
1496	14999.00	0.00
1497	14999.00	0.00
1497	346047.03	0.00
1498	325238.98	0.00
1498	146319.81	0.00
1499	292240.30	0.00
1499	96739.17	0.00
15	232902.28	0.00
15	192948.82	0.00
150	178424.21	0.00
150	58469.23	0.00
1500	83567.60	0.00
1500	208529.51	0.00
1501	109456.85	0.00
1501	245761.64	0.00
1502	14999.00	0.00
1502	214131.41	0.00
1503	234311.41	0.00
1503	14999.00	0.00
1504	272640.17	0.00
1504	14999.00	0.00
1505	125965.88	0.00
1505	243627.53	0.00
1506	24847.56	0.00
1506	143511.40	0.00
1507	168674.06	0.00
1507	323788.70	0.00
1508	31919.59	0.00
1508	158313.77	0.00
1509	67708.89	0.00
1509	111423.88	0.00
151	77470.63	0.00
151	29006.02	0.00
1510	109839.80	0.00
1510	14999.00	0.00
1511	50345.65	0.00
1511	14999.00	0.00
1512	304288.25	0.00
1512	156564.88	0.00
1513	313770.16	0.00
1513	51460.76	0.00
1514	117056.30	0.00
1514	279587.50	0.00
1515	295901.57	0.00
1515	137625.26	0.00
1516	64063.28	0.00
1516	324923.17	0.00
1517	164778.34	0.00
1517	26693.69	0.00
1518	243450.90	0.00
1518	102972.60	0.00
1519	103900.40	0.00
1519	132763.58	0.00
152	227991.46	0.00
152	56489.43	0.00
1520	14999.00	0.00
1520	189885.33	0.00
1521	245395.05	0.00
1521	46689.24	0.00
1522	208951.29	0.00
1522	103759.86	0.00
1523	181678.02	0.00
1523	36437.68	0.00
1524	129773.83	0.00
1524	283675.88	0.00
1525	320245.99	0.00
1525	285022.27	0.00
1526	84878.28	0.00
1526	181648.59	0.00
1527	100971.87	0.00
1527	14999.00	0.00
1528	14999.00	0.00
1528	14999.00	0.00
1529	92258.99	0.00
1529	14999.00	0.00
153	76091.18	0.00
153	35141.31	0.00
1530	14999.00	0.00
1530	134228.81	0.00
1531	221304.48	0.00
1531	281916.15	0.00
1532	257310.50	0.00
1532	14999.00	0.00
1533	237836.55	0.00
1533	339865.61	0.00
1534	169620.68	0.00
1534	100362.17	0.00
1535	123816.20	0.00
1535	36854.28	0.00
1536	45077.65	0.00
1536	118890.66	0.00
1537	138995.19	0.00
1537	14999.00	0.00
1538	84673.42	0.00
1538	183407.67	0.00
1539	201408.39	0.00
1539	14999.00	0.00
154	98708.83	0.00
154	247414.92	0.00
1540	190947.93	0.00
1540	158867.48	0.00
1541	140363.33	0.00
1541	220385.28	0.00
1542	14999.00	0.00
1542	155679.72	0.00
1543	240856.50	0.00
1543	76354.92	0.00
1544	71851.55	0.00
1544	312556.37	0.00
1545	52431.07	0.00
1545	140852.89	0.00
1546	46615.38	0.00
1546	76936.39	0.00
1547	86003.00	0.00
1547	249463.25	0.00
1548	203377.35	0.00
1548	121258.95	0.00
1549	138474.07	0.00
1549	14999.00	0.00
155	56866.04	0.00
155	230959.85	0.00
1550	31786.68	0.00
1550	198671.45	0.00
1551	20024.50	0.00
1551	118996.27	0.00
1552	32531.83	0.00
1552	14999.00	0.00
1553	68895.79	0.00
1553	165843.35	0.00
1554	204350.77	0.00
1554	152153.64	0.00
1555	14999.00	0.00
1555	178171.56	0.00
1556	40761.81	0.00
1556	135958.48	0.00
1557	244662.15	0.00
1557	14999.00	0.00
1558	250292.75	0.00
1558	256696.94	0.00
1559	96330.24	0.00
1559	229406.43	0.00
156	39692.01	0.00
156	158999.01	0.00
1560	88674.04	0.00
1560	47424.73	0.00
1561	143933.05	0.00
1561	14999.00	0.00
1562	164029.94	0.00
1562	130469.56	0.00
1563	14999.00	0.00
1563	14999.00	0.00
1564	343368.11	0.00
1564	59326.32	0.00
1565	221563.93	0.00
1565	105907.42	0.00
1566	14999.00	0.00
1566	177198.99	0.00
1567	164628.47	0.00
1567	153346.21	0.00
1568	148813.01	0.00
1568	178170.42	0.00
1569	234485.02	0.00
1569	176670.89	0.00
157	235942.42	0.00
157	93625.31	0.00
1570	214869.23	0.00
1570	205553.84	0.00
1571	100964.86	0.00
1571	27901.69	0.00
1572	195896.34	0.00
1572	237240.65	0.00
1573	206709.23	0.00
1573	111518.73	0.00
1574	128331.44	0.00
1574	14999.00	0.00
1575	237479.96	0.00
1575	14999.00	0.00
1576	241984.55	0.00
1576	71295.32	0.00
1577	182041.40	0.00
1577	218793.58	0.00
1578	14999.00	0.00
1578	197298.89	0.00
1579	101646.61	0.00
1579	199206.73	0.00
158	107604.82	0.00
158	126578.31	0.00
1580	241162.49	0.00
1580	130041.60	0.00
1581	152189.49	0.00
1581	14999.00	0.00
1582	134636.72	0.00
1582	180413.91	0.00
1583	14999.00	0.00
1583	92997.49	0.00
1584	267978.23	0.00
1584	35171.09	0.00
1585	230152.90	0.00
1585	14999.00	0.00
1586	293569.86	0.00
1586	194343.91	0.00
1587	233847.63	0.00
1587	61657.39	0.00
1588	14999.00	0.00
1588	14999.00	0.00
1589	14999.00	0.00
1589	58870.51	0.00
159	142759.98	0.00
159	99632.31	0.00
1590	264642.87	0.00
1590	78811.70	0.00
1591	138554.53	0.00
1591	303440.33	0.00
1592	14999.00	0.00
1592	14999.00	0.00
1593	279568.49	0.00
1593	172814.38	0.00
1594	152101.87	0.00
1594	60199.63	0.00
1595	153393.65	0.00
1595	78003.57	0.00
1596	14999.00	0.00
1596	14999.00	0.00
1597	219954.38	0.00
1597	273084.65	0.00
1598	154402.62	0.00
1598	58965.03	0.00
1599	97259.04	0.00
1599	14999.00	0.00
16	284700.23	0.00
16	165920.55	0.00
160	120012.47	0.00
160	14999.00	0.00
1600	144853.93	0.00
1600	111612.91	0.00
1601	100097.56	0.00
1601	144359.72	0.00
1602	335146.76	0.00
1602	300909.68	0.00
1603	199897.24	0.00
1603	193572.97	0.00
1604	98576.72	0.00
1604	124003.71	0.00
1605	49701.38	0.00
1605	107274.18	0.00
1606	274474.21	0.00
1606	226443.63	0.00
1607	231573.32	0.00
1607	235043.48	0.00
1608	190535.75	0.00
1608	155204.05	0.00
1609	214633.26	0.00
1609	14999.00	0.00
161	110617.82	0.00
161	14999.00	0.00
1610	96019.38	0.00
1610	14999.00	0.00
1611	93051.81	0.00
1611	127306.67	0.00
1612	247290.98	0.00
1612	110833.92	0.00
1613	339152.94	0.00
1613	243820.69	0.00
1614	217898.87	0.00
1614	48623.04	0.00
1615	349265.49	0.00
1615	182735.03	0.00
1616	14999.00	0.00
1616	62360.21	0.00
1617	29949.06	0.00
1617	14999.00	0.00
1618	167183.24	0.00
1618	227984.94	0.00
1619	281517.29	0.00
1619	99595.13	0.00
162	14999.00	0.00
162	211561.73	0.00
1620	47508.49	0.00
1620	69159.19	0.00
1621	110958.10	0.00
1621	50243.80	0.00
1622	111207.52	0.00
1622	243222.74	0.00
1623	101070.74	0.00
1623	127763.63	0.00
1624	216402.59	0.00
1624	277367.00	0.00
1625	48755.83	0.00
1625	84025.26	0.00
1626	14999.00	0.00
1626	158013.65	0.00
1627	221337.60	0.00
1627	251764.36	0.00
1628	299983.01	0.00
1628	15120.79	0.00
1629	14999.00	0.00
1629	218977.16	0.00
163	325315.38	0.00
163	297079.81	0.00
1630	114764.74	0.00
1630	214557.98	0.00
1631	281121.64	0.00
1631	201288.93	0.00
1632	55515.98	0.00
1632	98828.37	0.00
1633	42480.99	0.00
1633	86725.14	0.00
1634	179687.47	0.00
1634	130948.90	0.00
1635	243666.27	0.00
1635	153264.59	0.00
1636	224142.04	0.00
1636	168255.63	0.00
1637	168441.30	0.00
1637	175302.18	0.00
1638	108575.16	0.00
1638	174965.85	0.00
1639	119108.05	0.00
1639	14999.00	0.00
164	203496.02	0.00
164	105128.60	0.00
1640	319685.72	0.00
1640	166220.66	0.00
1641	132297.68	0.00
1641	44657.05	0.00
1642	156503.72	0.00
1642	110182.25	0.00
1643	211821.73	0.00
1643	155644.05	0.00
1644	208682.00	0.00
1644	146423.14	0.00
1645	212060.37	0.00
1645	14999.00	0.00
1646	144972.23	0.00
1646	144465.37	0.00
1647	344036.08	0.00
1647	267739.15	0.00
1648	271552.62	0.00
1648	326768.76	0.00
1649	14999.00	0.00
1649	81161.08	0.00
165	17494.67	0.00
165	231374.56	0.00
1650	283645.40	0.00
1650	261613.55	0.00
1651	157238.86	0.00
1651	151413.73	0.00
1652	158785.52	0.00
1652	14999.00	0.00
1653	55368.24	0.00
1653	210712.36	0.00
1654	130517.16	0.00
1654	56365.53	0.00
1655	134881.04	0.00
1655	127540.60	0.00
1656	160470.78	0.00
1656	184534.00	0.00
1657	92058.37	0.00
1657	75108.51	0.00
1658	71601.22	0.00
1658	226668.65	0.00
1659	112794.07	0.00
1659	279689.79	0.00
166	14999.00	0.00
166	232589.86	0.00
1660	239603.52	0.00
1660	174845.87	0.00
1661	30567.35	0.00
1661	157061.32	0.00
1662	221991.25	0.00
1662	338544.33	0.00
1663	198132.95	0.00
1663	102148.20	0.00
1664	243067.82	0.00
1664	111575.24	0.00
1665	163535.36	0.00
1665	174816.42	0.00
1666	119162.99	0.00
1666	54097.55	0.00
1667	52391.41	0.00
1667	271994.73	0.00
1668	266279.85	0.00
1668	284036.77	0.00
1669	70252.66	0.00
1669	123176.73	0.00
167	147022.34	0.00
167	174398.27	0.00
1670	149287.37	0.00
1670	132760.58	0.00
1671	26130.76	0.00
1671	178230.32	0.00
1672	115108.31	0.00
1672	22889.11	0.00
1673	127828.61	0.00
1673	126280.65	0.00
1674	259043.95	0.00
1674	207782.17	0.00
1675	131868.53	0.00
1675	171963.76	0.00
1676	124155.51	0.00
1676	233689.61	0.00
1677	306911.70	0.00
1677	27587.31	0.00
1678	14999.00	0.00
1678	86561.00	0.00
1679	148540.63	0.00
1679	259915.39	0.00
168	108948.31	0.00
168	215369.44	0.00
1680	221539.97	0.00
1680	77243.51	0.00
1681	64717.75	0.00
1681	53367.43	0.00
1682	174657.00	0.00
1682	217694.03	0.00
1683	188370.21	0.00
1683	111476.43	0.00
1684	328876.25	0.00
1684	188529.03	0.00
1685	80854.42	0.00
1685	64503.17	0.00
1686	273758.05	0.00
1686	123270.76	0.00
1687	213866.45	0.00
1687	133487.73	0.00
1688	247735.40	0.00
1688	14999.00	0.00
1689	257690.72	0.00
1689	145220.58	0.00
169	179359.76	0.00
169	14999.00	0.00
1690	92024.03	0.00
1690	67687.20	0.00
1691	282161.70	0.00
1691	161030.09	0.00
1692	220403.54	0.00
1692	228922.60	0.00
1693	14999.00	0.00
1693	79456.74	0.00
1694	149583.44	0.00
1694	185431.73	0.00
1695	21346.26	0.00
1695	128074.13	0.00
1696	34719.42	0.00
1696	104274.76	0.00
1697	151618.34	0.00
1697	237714.33	0.00
1698	142905.91	0.00
1698	168730.47	0.00
1699	14999.00	0.00
1699	228308.18	0.00
17	155283.29	0.00
17	66884.17	0.00
170	124801.04	0.00
170	124888.13	0.00
1700	275528.35	0.00
1700	71871.61	0.00
1701	173361.36	0.00
1701	14999.00	0.00
1702	237612.63	0.00
1702	18920.29	0.00
1703	47280.21	0.00
1703	84270.79	0.00
1704	191039.13	0.00
1704	145310.41	0.00
1705	227787.71	0.00
1705	217440.40	0.00
1706	281740.59	0.00
1706	256522.94	0.00
1707	28463.35	0.00
1707	84592.87	0.00
1708	252551.24	0.00
1708	21086.08	0.00
1709	270502.36	0.00
1709	42586.40	0.00
171	163149.45	0.00
171	14999.00	0.00
1710	215789.82	0.00
1710	14999.00	0.00
1711	313724.76	0.00
1711	135083.41	0.00
1712	51599.05	0.00
1712	155437.58	0.00
1713	14999.00	0.00
1713	207065.12	0.00
1714	51523.00	0.00
1714	54778.52	0.00
1715	252001.37	0.00
1715	234579.53	0.00
1716	14999.00	0.00
1716	205133.53	0.00
1717	14999.00	0.00
1717	234502.61	0.00
1718	52257.63	0.00
1718	100278.02	0.00
1719	45715.41	0.00
1719	257297.74	0.00
172	159690.94	0.00
172	67191.07	0.00
1720	135731.00	0.00
1720	42852.46	0.00
1721	40051.74	0.00
1721	14999.00	0.00
1722	14999.00	0.00
1722	209262.29	0.00
1723	162536.73	0.00
1723	26801.43	0.00
1724	83871.69	0.00
1724	104500.54	0.00
1725	14999.00	0.00
1725	184580.77	0.00
1726	141373.76	0.00
1726	232419.71	0.00
1727	89759.07	0.00
1727	141557.41	0.00
1728	85914.27	0.00
1728	45173.34	0.00
1729	222485.43	0.00
1729	14999.00	0.00
173	86463.01	0.00
173	81239.73	0.00
1730	65004.86	0.00
1730	55498.47	0.00
1731	173775.44	0.00
1731	173671.57	0.00
1732	14999.00	0.00
1732	276153.16	0.00
1733	137035.93	0.00
1733	169434.54	0.00
1734	138158.60	0.00
1734	65598.46	0.00
1735	289819.75	0.00
1735	169188.49	0.00
1736	37079.18	0.00
1736	84926.86	0.00
1737	28635.86	0.00
1737	97426.72	0.00
1738	56358.23	0.00
1738	14999.00	0.00
1739	14999.00	0.00
1739	172110.70	0.00
174	135592.27	0.00
174	63302.13	0.00
1740	309921.06	0.00
1740	162095.38	0.00
1741	163545.72	0.00
1741	43021.98	0.00
1742	143204.41	0.00
1742	80450.20	0.00
1743	69096.13	0.00
1743	206495.60	0.00
1744	65950.53	0.00
1744	27566.05	0.00
1745	315699.20	0.00
1745	222063.87	0.00
1746	42789.73	0.00
1746	37412.28	0.00
1747	74716.33	0.00
1747	265592.55	0.00
1748	249298.06	0.00
1748	309032.29	0.00
1749	75392.37	0.00
1749	58110.05	0.00
175	201974.23	0.00
175	58830.96	0.00
1750	30014.72	0.00
1750	91236.98	0.00
1751	208328.97	0.00
1751	191700.59	0.00
1752	142964.94	0.00
1752	41900.52	0.00
1753	14999.00	0.00
1753	140754.44	0.00
1754	42201.38	0.00
1754	231514.44	0.00
1755	25748.99	0.00
1755	14999.00	0.00
1756	130344.96	0.00
1756	70618.01	0.00
1757	256985.23	0.00
1757	242528.34	0.00
1758	153512.08	0.00
1758	87721.30	0.00
1759	129788.59	0.00
1759	122598.59	0.00
176	150167.85	0.00
176	226706.36	0.00
1760	128252.70	0.00
1760	188857.99	0.00
1761	189463.38	0.00
1761	96359.00	0.00
1762	134033.72	0.00
1762	347079.95	0.00
1763	42325.25	0.00
1763	107389.48	0.00
1764	126946.31	0.00
1764	14999.00	0.00
1765	118199.12	0.00
1765	69105.36	0.00
1766	148360.55	0.00
1766	128766.78	0.00
1767	166004.98	0.00
1767	184065.29	0.00
1768	156270.01	0.00
1768	52417.62	0.00
1769	211107.56	0.00
1769	98921.05	0.00
177	14999.00	0.00
177	224900.69	0.00
1770	244248.40	0.00
1770	14999.00	0.00
1771	357708.08	0.00
1771	121936.41	0.00
1772	98017.26	0.00
1772	14999.00	0.00
1773	169591.48	0.00
1773	254857.70	0.00
1774	120026.72	0.00
1774	192261.63	0.00
1775	203030.95	0.00
1775	137015.73	0.00
1776	14999.00	0.00
1776	101727.00	0.00
1777	14999.00	0.00
1777	197468.27	0.00
1778	142854.90	0.00
1778	33663.12	0.00
1779	325178.18	0.00
1779	120317.76	0.00
178	221098.38	0.00
178	145665.80	0.00
1780	32728.06	0.00
1780	187528.53	0.00
1781	86209.46	0.00
1781	14999.00	0.00
1782	87720.20	0.00
1782	273484.19	0.00
1783	183751.00	0.00
1783	38022.11	0.00
1784	270123.51	0.00
1784	199339.37	0.00
1785	161741.86	0.00
1785	127883.00	0.00
1786	194514.61	0.00
1786	50791.75	0.00
1787	161373.31	0.00
1787	123010.38	0.00
1788	250071.34	0.00
1788	180027.91	0.00
1789	260955.43	0.00
1789	193468.28	0.00
179	14999.00	0.00
179	221930.90	0.00
1790	185165.91	0.00
1790	83353.09	0.00
1791	245508.74	0.00
1791	41032.22	0.00
1792	180643.63	0.00
1792	220377.38	0.00
1793	330327.43	0.00
1793	14999.00	0.00
1794	14999.00	0.00
1794	102039.25	0.00
1795	14999.00	0.00
1795	92989.96	0.00
1796	46836.30	0.00
1796	298616.38	0.00
1797	151698.51	0.00
1797	158468.41	0.00
1798	173564.54	0.00
1798	294190.55	0.00
1799	207207.14	0.00
1799	193687.79	0.00
18	126516.27	0.00
18	261739.94	0.00
180	14999.00	0.00
180	187682.06	0.00
1800	129130.72	0.00
1800	173038.64	0.00
1801	83754.03	0.00
1801	99678.63	0.00
1802	271615.32	0.00
1802	303940.09	0.00
1803	70488.90	0.00
1803	200357.24	0.00
1804	76295.84	0.00
1804	325310.93	0.00
1805	115561.68	0.00
1805	65258.41	0.00
1806	14999.00	0.00
1806	216645.09	0.00
1807	108929.78	0.00
1807	14999.00	0.00
1808	303079.98	0.00
1808	127523.60	0.00
1809	14999.00	0.00
1809	122234.84	0.00
181	68185.96	0.00
181	14999.00	0.00
1810	116503.00	0.00
1810	248877.27	0.00
1811	30881.32	0.00
1811	97064.36	0.00
1812	282935.67	0.00
1812	81957.64	0.00
1813	14999.00	0.00
1813	14999.00	0.00
1814	182296.14	0.00
1814	151043.33	0.00
1815	119012.33	0.00
1815	218035.02	0.00
1816	14999.00	0.00
1816	14999.00	0.00
1817	14999.00	0.00
1817	307097.33	0.00
1818	100222.08	0.00
1818	224603.34	0.00
1819	14999.00	0.00
1819	242380.66	0.00
182	196299.03	0.00
182	192976.39	0.00
1820	32072.78	0.00
1820	14999.00	0.00
1821	142883.45	0.00
1821	100592.00	0.00
1822	196222.92	0.00
1822	127430.50	0.00
1823	105846.33	0.00
1823	41453.33	0.00
1824	20206.55	0.00
1824	14999.00	0.00
1825	143435.91	0.00
1825	250263.33	0.00
1826	208279.15	0.00
1826	218796.97	0.00
1827	89702.44	0.00
1827	111934.10	0.00
1828	172244.65	0.00
1828	210019.01	0.00
1829	14999.00	0.00
1829	254422.14	0.00
183	14999.00	0.00
183	14999.00	0.00
1830	73254.87	0.00
1830	207436.50	0.00
1831	132989.16	0.00
1831	177336.01	0.00
1832	14999.00	0.00
1832	265856.47	0.00
1833	137602.13	0.00
1833	22810.56	0.00
1834	117171.37	0.00
1834	14999.00	0.00
1835	89795.63	0.00
1835	315683.98	0.00
1836	57042.02	0.00
1836	242577.70	0.00
1837	189690.64	0.00
1837	73998.28	0.00
1838	260015.00	0.00
1838	115601.74	0.00
1839	153387.07	0.00
1839	330786.45	0.00
184	199789.10	0.00
184	94446.55	0.00
1840	188659.57	0.00
1840	32130.68	0.00
1841	24343.87	0.00
1841	277233.31	0.00
1842	191642.12	0.00
1842	14999.00	0.00
1843	97355.27	0.00
1843	132367.01	0.00
1844	140978.08	0.00
1844	138952.59	0.00
1845	145982.35	0.00
1845	238987.52	0.00
1846	153709.52	0.00
1846	14999.00	0.00
1847	173221.24	0.00
1847	207129.59	0.00
1848	150025.54	0.00
1848	219126.88	0.00
1849	114428.84	0.00
1849	210059.20	0.00
185	228175.12	0.00
185	181838.37	0.00
1850	14999.00	0.00
1850	328161.65	0.00
1851	84961.38	0.00
1851	249511.59	0.00
1852	14999.00	0.00
1852	40398.07	0.00
1853	41472.60	0.00
1853	323224.46	0.00
1854	293624.38	0.00
1854	220563.56	0.00
1855	43106.04	0.00
1855	269279.18	0.00
1856	14999.00	0.00
1856	227102.69	0.00
1857	196289.52	0.00
1857	190766.74	0.00
1858	255438.95	0.00
1858	168176.27	0.00
1859	277797.16	0.00
1859	117282.81	0.00
186	105734.07	0.00
186	16301.47	0.00
1860	14999.00	0.00
1860	175653.98	0.00
1861	155989.39	0.00
1861	182255.91	0.00
1862	15246.14	0.00
1862	191045.44	0.00
1863	14999.00	0.00
1863	279247.37	0.00
1864	70551.08	0.00
1864	14999.00	0.00
1865	133617.36	0.00
1865	14999.00	0.00
1866	239914.60	0.00
1866	320004.49	0.00
1867	228052.40	0.00
1867	205671.88	0.00
1868	61516.28	0.00
1868	174573.34	0.00
1869	317671.32	0.00
1869	157501.17	0.00
187	307386.46	0.00
187	216575.43	0.00
1870	14999.00	0.00
1870	313603.56	0.00
1871	336780.10	0.00
1871	14999.00	0.00
1872	148836.28	0.00
1872	41766.24	0.00
1873	69873.04	0.00
1873	312354.42	0.00
1874	38188.75	0.00
1874	105651.26	0.00
1875	111356.70	0.00
1875	224431.52	0.00
1876	23450.17	0.00
1876	125437.93	0.00
1877	14999.00	0.00
1877	29956.72	0.00
1878	200575.39	0.00
1878	226953.02	0.00
1879	190598.90	0.00
1879	172571.29	0.00
188	144872.41	0.00
188	211970.94	0.00
1880	14999.00	0.00
1880	240631.80	0.00
1881	26027.01	0.00
1881	29698.06	0.00
1882	127430.45	0.00
1882	14999.00	0.00
1883	249556.89	0.00
1883	71561.26	0.00
1884	93925.09	0.00
1884	45359.83	0.00
1885	191567.82	0.00
1885	118136.28	0.00
1886	56485.22	0.00
1886	73146.34	0.00
1887	14999.00	0.00
1887	38566.42	0.00
1888	167759.28	0.00
1888	248200.41	0.00
1889	41930.94	0.00
1889	199403.71	0.00
189	15891.21	0.00
189	259538.69	0.00
1890	107949.72	0.00
1890	27539.70	0.00
1891	218433.18	0.00
1891	114795.93	0.00
1892	113625.27	0.00
1892	14999.00	0.00
1893	79936.90	0.00
1893	94153.98	0.00
1894	128767.98	0.00
1894	162818.66	0.00
1895	156246.52	0.00
1895	328265.02	0.00
1896	243858.85	0.00
1896	175739.27	0.00
1897	103987.24	0.00
1897	308939.10	0.00
1898	244371.18	0.00
1898	14999.00	0.00
1899	135917.19	0.00
1899	29247.80	0.00
19	59393.29	0.00
19	74982.83	0.00
190	204852.17	0.00
190	140909.25	0.00
1900	187014.59	0.00
1900	87335.22	0.00
1901	152478.63	0.00
1901	252088.99	0.00
1902	96911.49	0.00
1902	72497.57	0.00
1903	95484.06	0.00
1903	101301.91	0.00
1904	110394.09	0.00
1904	14999.00	0.00
1905	14999.00	0.00
1905	356495.45	0.00
1906	14999.00	0.00
1906	150156.99	0.00
1907	32047.64	0.00
1907	153764.33	0.00
1908	295990.73	0.00
1908	376335.77	0.00
1909	190594.85	0.00
1909	59377.98	0.00
191	81576.54	0.00
191	159431.44	0.00
1910	80474.55	0.00
1910	14999.00	0.00
1911	330701.98	0.00
1911	168328.25	0.00
1912	121441.53	0.00
1912	14999.00	0.00
1913	46114.59	0.00
1913	206645.18	0.00
1914	258038.85	0.00
1914	52236.82	0.00
1915	62774.24	0.00
1915	26977.50	0.00
1916	53575.48	0.00
1916	29284.31	0.00
1917	112791.57	0.00
1917	14999.00	0.00
1918	122185.76	0.00
1918	173931.38	0.00
1919	55117.52	0.00
1919	320795.68	0.00
192	104234.78	0.00
192	195536.05	0.00
1920	329622.28	0.00
1920	169396.63	0.00
1921	270317.00	0.00
1921	244332.60	0.00
1922	98339.81	0.00
1922	151341.45	0.00
1923	240156.12	0.00
1923	56966.22	0.00
1924	97816.80	0.00
1924	162521.55	0.00
1925	220657.25	0.00
1925	321254.18	0.00
1926	26152.16	0.00
1926	87674.49	0.00
1927	89679.48	0.00
1927	137635.30	0.00
1928	179928.46	0.00
1928	40213.35	0.00
1929	186628.69	0.00
1929	171635.16	0.00
193	19397.25	0.00
193	53172.10	0.00
1930	14999.00	0.00
1930	196607.92	0.00
1931	62787.53	0.00
1931	14999.00	0.00
1932	157556.67	0.00
1932	210686.59	0.00
1933	120007.07	0.00
1933	14999.00	0.00
1934	200696.16	0.00
1934	14999.00	0.00
1935	48328.25	0.00
1935	77315.62	0.00
1936	113286.25	0.00
1936	152493.42	0.00
1937	59187.80	0.00
1937	61840.42	0.00
1938	220042.22	0.00
1938	347267.76	0.00
1939	173725.63	0.00
1939	14999.00	0.00
194	54995.59	0.00
194	37455.68	0.00
1940	282887.32	0.00
1940	372725.69	0.00
1941	237737.52	0.00
1941	14999.00	0.00
1942	14999.00	0.00
1942	169506.92	0.00
1943	109660.07	0.00
1943	19508.30	0.00
1944	213751.93	0.00
1944	90681.22	0.00
1945	63543.14	0.00
1945	149471.79	0.00
1946	216172.44	0.00
1946	297443.26	0.00
1947	57606.24	0.00
1947	207638.42	0.00
1948	95207.19	0.00
1948	140094.30	0.00
1949	290522.12	0.00
1949	167906.93	0.00
195	170009.70	0.00
195	91011.14	0.00
1950	16777.13	0.00
1950	192503.41	0.00
1951	197610.56	0.00
1951	274788.52	0.00
1952	14999.00	0.00
1952	230952.60	0.00
1953	96981.72	0.00
1953	113462.51	0.00
1954	264189.71	0.00
1954	281808.16	0.00
1955	52615.24	0.00
1955	180893.86	0.00
1956	169096.07	0.00
1956	274232.02	0.00
1957	14999.00	0.00
1957	161390.94	0.00
1958	74881.50	0.00
1958	310158.68	0.00
1959	41847.67	0.00
1959	110298.67	0.00
196	28622.15	0.00
196	57629.19	0.00
1960	14999.00	0.00
1960	58529.37	0.00
1961	59105.66	0.00
1961	104233.32	0.00
1962	263934.30	0.00
1962	172613.45	0.00
1963	32420.44	0.00
1963	193483.63	0.00
1964	158126.09	0.00
1964	25077.56	0.00
1965	161252.67	0.00
1965	51081.49	0.00
1966	224864.91	0.00
1966	14999.00	0.00
1967	92955.51	0.00
1967	54221.91	0.00
1968	316652.16	0.00
1968	147753.34	0.00
1969	89645.85	0.00
1969	92849.14	0.00
197	45534.35	0.00
197	57695.63	0.00
1970	167462.84	0.00
1970	185697.30	0.00
1971	14999.00	0.00
1971	122256.01	0.00
1972	40386.11	0.00
1972	78872.53	0.00
1973	216245.76	0.00
1973	148945.68	0.00
1974	235705.50	0.00
1974	23269.78	0.00
1975	85239.95	0.00
1975	21122.77	0.00
1976	98163.83	0.00
1976	179823.67	0.00
1977	246357.71	0.00
1977	198642.21	0.00
1978	231506.32	0.00
1978	122267.05	0.00
1979	105254.86	0.00
1979	160452.47	0.00
198	83057.49	0.00
198	236216.40	0.00
1980	96858.63	0.00
1980	152566.45	0.00
1981	234923.68	0.00
1981	35526.92	0.00
1982	169006.37	0.00
1982	212019.90	0.00
1983	288298.34	0.00
1983	171710.40	0.00
1984	212409.23	0.00
1984	181620.85	0.00
1985	14999.00	0.00
1985	14999.00	0.00
1986	302228.49	0.00
1986	122043.39	0.00
1987	99398.14	0.00
1987	101500.93	0.00
1988	135520.55	0.00
1988	231658.88	0.00
1989	234755.84	0.00
1989	93119.02	0.00
199	151447.44	0.00
199	174258.80	0.00
1990	38760.84	0.00
1990	14999.00	0.00
1991	154969.65	0.00
1991	204967.25	0.00
1992	176667.10	0.00
1992	90299.62	0.00
1993	71326.06	0.00
1993	246879.38	0.00
1994	14999.00	0.00
1994	197850.42	0.00
1995	162346.07	0.00
1995	45890.87	0.00
1996	179554.11	0.00
1996	41311.18	0.00
1997	152159.74	0.00
1997	66616.78	0.00
1998	166983.75	0.00
1998	200623.83	0.00
1999	14999.00	0.00
1999	177776.30	0.00
2	149307.29	0.00
2	145734.06	0.00
20	249210.87	0.00
20	21221.60	0.00
200	40117.40	0.00
200	25537.81	0.00
2000	169831.37	0.00
2000	170658.40	0.00
2001	219721.19	0.00
2001	245245.34	0.00
2002	271406.34	0.00
2002	221663.07	0.00
2003	14999.00	0.00
2003	15731.77	0.00
2004	204542.76	0.00
2004	26614.38	0.00
2005	295136.32	0.00
2005	264005.61	0.00
2006	110244.55	0.00
2006	229018.19	0.00
2007	14999.00	0.00
2007	120385.87	0.00
2008	185597.35	0.00
2008	129316.38	0.00
2009	104600.56	0.00
2009	90251.87	0.00
201	112467.75	0.00
201	143262.69	0.00
2010	211960.67	0.00
2010	173226.33	0.00
2011	93177.97	0.00
2011	256604.46	0.00
2012	196466.91	0.00
2012	43577.91	0.00
2013	123796.25	0.00
2013	262708.09	0.00
2014	124546.60	0.00
2014	155631.69	0.00
2015	44831.62	0.00
2015	96794.88	0.00
2016	203250.10	0.00
2016	88198.98	0.00
2017	150222.17	0.00
2017	174710.83	0.00
2018	207095.92	0.00
2018	110522.65	0.00
2019	185939.31	0.00
2019	14999.00	0.00
202	191354.79	0.00
202	129181.78	0.00
2020	14999.00	0.00
2020	165611.42	0.00
2021	14999.00	0.00
2021	14999.00	0.00
2022	16872.26	0.00
2022	318738.73	0.00
2023	106546.24	0.00
2023	56747.06	0.00
2024	14999.00	0.00
2024	140913.99	0.00
2025	142285.52	0.00
2025	29935.39	0.00
2026	352376.10	0.00
2026	142165.03	0.00
2027	26253.76	0.00
2027	198143.37	0.00
2028	170910.47	0.00
2028	69522.53	0.00
2029	257882.23	0.00
2029	184714.85	0.00
203	43420.86	0.00
203	69787.96	0.00
2030	270236.28	0.00
2030	93871.99	0.00
2031	175403.25	0.00
2031	97997.46	0.00
2032	31453.59	0.00
2032	116958.87	0.00
2033	153701.96	0.00
2033	93166.01	0.00
2034	288790.15	0.00
2034	14999.00	0.00
2035	116449.08	0.00
2035	120595.07	0.00
2036	15469.22	0.00
2036	257863.39	0.00
2037	60897.88	0.00
2037	215112.98	0.00
2038	96291.00	0.00
2038	264974.60	0.00
2039	309068.76	0.00
2039	223656.92	0.00
204	185603.97	0.00
204	77834.88	0.00
2040	17901.54	0.00
2040	121693.42	0.00
2041	14999.00	0.00
2041	194671.46	0.00
2042	14999.00	0.00
2042	344122.85	0.00
2043	239217.00	0.00
2043	102728.31	0.00
2044	43090.92	0.00
2044	179308.00	0.00
2045	14999.00	0.00
2045	71558.42	0.00
2046	373338.91	0.00
2046	168389.31	0.00
2047	245433.88	0.00
2047	30489.84	0.00
2048	115859.81	0.00
2048	131451.29	0.00
2049	64544.79	0.00
2049	270371.30	0.00
205	139929.10	0.00
205	41624.31	0.00
2050	155165.81	0.00
2050	208238.65	0.00
2051	16126.28	0.00
2051	122548.30	0.00
2052	201344.25	0.00
2052	14999.00	0.00
2053	19299.84	0.00
2053	14999.00	0.00
2054	254511.77	0.00
2054	179814.32	0.00
2055	240320.59	0.00
2055	14999.00	0.00
2056	87168.78	0.00
2056	230925.43	0.00
2057	14999.00	0.00
2057	176535.26	0.00
2058	64731.11	0.00
2058	94807.83	0.00
2059	180466.67	0.00
2059	62227.77	0.00
206	224721.50	0.00
206	224689.17	0.00
2060	140852.17	0.00
2060	46384.02	0.00
2061	81509.99	0.00
2061	27366.91	0.00
2062	150115.88	0.00
2062	14999.00	0.00
2063	226123.27	0.00
2063	14999.00	0.00
2064	121010.33	0.00
2064	160201.32	0.00
2065	217594.12	0.00
2065	157797.18	0.00
2066	16264.16	0.00
2066	43227.60	0.00
2067	14999.00	0.00
2067	150607.12	0.00
2068	209094.82	0.00
2068	14999.00	0.00
2069	337972.44	0.00
2069	220864.10	0.00
207	14999.00	0.00
207	14999.00	0.00
2070	90997.36	0.00
2070	118628.77	0.00
2071	206241.54	0.00
2071	93517.63	0.00
2072	127704.01	0.00
2072	197820.75	0.00
2073	41222.88	0.00
2073	87427.10	0.00
2074	368534.68	0.00
2074	103894.59	0.00
2075	195943.63	0.00
2075	58173.87	0.00
2076	257424.05	0.00
2076	94673.18	0.00
2077	14999.00	0.00
2077	92905.77	0.00
2078	67190.80	0.00
2078	184344.92	0.00
2079	174479.47	0.00
2079	203389.85	0.00
208	18526.90	0.00
208	122201.81	0.00
2080	95456.68	0.00
2080	14999.00	0.00
2081	44827.12	0.00
2081	100708.73	0.00
2082	102740.63	0.00
2082	58674.76	0.00
2083	88118.67	0.00
2083	48827.87	0.00
2084	206971.53	0.00
2084	152155.71	0.00
2085	191307.46	0.00
2085	277690.78	0.00
2086	169061.63	0.00
2086	135728.68	0.00
2087	14999.00	0.00
2087	180434.78	0.00
2088	59617.82	0.00
2088	74102.41	0.00
2089	176986.12	0.00
2089	14999.00	0.00
209	42640.57	0.00
209	131767.79	0.00
2090	253711.42	0.00
2090	183851.38	0.00
2091	56585.67	0.00
2091	107002.89	0.00
2092	128068.11	0.00
2092	235765.59	0.00
2093	27152.20	0.00
2093	14999.00	0.00
2094	21241.54	0.00
2094	137032.83	0.00
2095	150312.50	0.00
2095	310699.47	0.00
2096	184130.56	0.00
2096	149114.86	0.00
2097	189143.40	0.00
2097	141729.59	0.00
2098	79370.07	0.00
2098	167217.91	0.00
2099	72960.65	0.00
2099	14999.00	0.00
21	166548.03	0.00
21	266087.80	0.00
210	61734.20	0.00
210	14999.00	0.00
2100	14999.00	0.00
2100	172115.90	0.00
2101	198895.82	0.00
2101	14999.00	0.00
2102	132858.00	0.00
2102	195881.39	0.00
2103	162643.44	0.00
2103	145274.55	0.00
2104	51008.35	0.00
2104	24844.35	0.00
2105	14999.00	0.00
2105	194177.33	0.00
2106	231212.65	0.00
2106	226665.92	0.00
2107	201569.64	0.00
2107	123975.60	0.00
2108	96337.20	0.00
2108	294467.26	0.00
2109	142662.92	0.00
2109	64490.22	0.00
211	188322.33	0.00
211	92574.71	0.00
2110	14999.00	0.00
2110	14999.00	0.00
2111	83780.25	0.00
2111	162828.32	0.00
2112	223354.88	0.00
2112	161699.31	0.00
2113	297929.91	0.00
2113	201377.85	0.00
2114	167510.02	0.00
2114	36792.16	0.00
2115	175443.57	0.00
2115	294050.84	0.00
2116	229379.37	0.00
2116	14999.00	0.00
2117	264640.80	0.00
2117	82688.82	0.00
2118	126836.81	0.00
2118	72129.99	0.00
2119	196062.45	0.00
2119	76843.70	0.00
212	304926.32	0.00
212	43576.88	0.00
2120	95292.70	0.00
2120	222043.33	0.00
2121	175204.08	0.00
2121	145696.97	0.00
2122	295532.64	0.00
2122	170767.61	0.00
2123	140706.96	0.00
2123	210232.09	0.00
2124	150375.84	0.00
2124	330334.11	0.00
2125	111572.06	0.00
2125	79217.31	0.00
2126	181322.33	0.00
2126	327443.11	0.00
2127	171208.58	0.00
2127	238350.56	0.00
2128	175007.76	0.00
2128	62777.94	0.00
2129	271676.10	0.00
2129	37213.49	0.00
213	147245.11	0.00
213	68190.46	0.00
2130	46702.18	0.00
2130	143289.80	0.00
2131	242554.54	0.00
2131	14999.00	0.00
2132	226969.62	0.00
2132	14999.00	0.00
2133	178285.00	0.00
2133	14999.00	0.00
2134	99973.79	0.00
2134	187715.92	0.00
2135	34849.04	0.00
2135	248981.31	0.00
2136	255594.56	0.00
2136	225810.34	0.00
2137	58353.43	0.00
2137	20347.94	0.00
2138	38363.67	0.00
2138	14999.00	0.00
2139	172738.48	0.00
2139	211302.86	0.00
214	170406.28	0.00
214	200771.86	0.00
2140	67583.98	0.00
2140	201825.56	0.00
2141	14999.00	0.00
2141	45400.20	0.00
2142	86778.86	0.00
2142	14999.00	0.00
2143	153334.33	0.00
2143	28435.76	0.00
2144	230227.43	0.00
2144	14999.00	0.00
2145	295481.93	0.00
2145	14999.00	0.00
2146	81129.46	0.00
2146	58040.99	0.00
2147	141258.77	0.00
2147	284182.42	0.00
2148	14999.00	0.00
2148	109113.85	0.00
2149	14999.00	0.00
2149	246965.49	0.00
215	202879.07	0.00
215	164707.00	0.00
2150	14999.00	0.00
2150	14999.00	0.00
2151	65338.61	0.00
2151	14999.00	0.00
2152	30488.96	0.00
2152	161844.70	0.00
2153	283688.39	0.00
2153	326060.46	0.00
2154	103098.51	0.00
2154	207908.91	0.00
2155	14999.00	0.00
2155	283523.83	0.00
2156	254558.65	0.00
2156	14999.00	0.00
2157	152886.19	0.00
2157	300814.65	0.00
2158	292151.77	0.00
2158	100825.26	0.00
2159	180549.29	0.00
2159	198074.60	0.00
216	91232.30	0.00
216	292013.11	0.00
2160	199728.87	0.00
2160	239519.13	0.00
2161	100665.30	0.00
2161	291088.37	0.00
2162	273844.96	0.00
2162	136474.14	0.00
2163	25580.82	0.00
2163	217320.73	0.00
2164	29525.07	0.00
2164	85784.39	0.00
2165	141696.26	0.00
2165	78999.51	0.00
2166	60780.84	0.00
2166	219598.66	0.00
2167	275773.19	0.00
2167	166129.08	0.00
2168	199313.49	0.00
2168	14999.00	0.00
2169	21964.10	0.00
2169	61051.33	0.00
217	70337.82	0.00
217	190593.50	0.00
2170	14999.00	0.00
2170	122508.71	0.00
2171	52537.14	0.00
2171	285632.75	0.00
2172	64045.16	0.00
2172	31901.58	0.00
2173	243595.50	0.00
2173	32664.21	0.00
2174	125099.69	0.00
2174	107432.95	0.00
2175	147178.24	0.00
2175	294964.49	0.00
2176	49248.78	0.00
2176	153029.85	0.00
2177	143234.57	0.00
2177	43894.31	0.00
2178	137753.55	0.00
2178	188030.52	0.00
2179	176976.61	0.00
2179	126545.77	0.00
218	14999.00	0.00
218	240786.29	0.00
2180	68227.50	0.00
2180	166714.43	0.00
2181	110033.90	0.00
2181	141546.49	0.00
2182	160644.71	0.00
2182	166323.02	0.00
2183	14999.00	0.00
2183	63601.69	0.00
2184	33182.78	0.00
2184	214165.68	0.00
2185	198674.53	0.00
2185	14999.00	0.00
2186	238276.73	0.00
2186	280537.92	0.00
2187	118102.28	0.00
2187	202709.52	0.00
2188	128445.91	0.00
2188	213055.69	0.00
2189	170473.85	0.00
2189	230510.44	0.00
219	224064.83	0.00
219	53680.26	0.00
2190	178864.57	0.00
2190	209205.84	0.00
2191	329419.87	0.00
2191	326537.18	0.00
2192	14999.00	0.00
2192	228636.53	0.00
2193	94494.87	0.00
2193	143837.43	0.00
2194	228000.93	0.00
2194	35118.75	0.00
2195	95410.22	0.00
2195	326628.91	0.00
2196	234545.47	0.00
2196	127868.91	0.00
2197	25605.84	0.00
2197	123358.63	0.00
2198	173810.17	0.00
2198	14999.00	0.00
2199	169493.84	0.00
2199	309508.28	0.00
22	219864.81	0.00
22	115455.97	0.00
220	91691.26	0.00
220	84749.87	0.00
2200	328815.18	0.00
2200	175749.56	0.00
2201	14999.00	0.00
2201	306785.35	0.00
2202	46559.11	0.00
2202	113291.60	0.00
2203	193267.77	0.00
2203	14999.00	0.00
2204	92028.78	0.00
2204	225046.66	0.00
2205	82329.00	0.00
2205	21353.52	0.00
2206	50937.45	0.00
2206	230654.36	0.00
2207	266965.32	0.00
2207	108619.33	0.00
2208	58330.33	0.00
2208	36516.23	0.00
2209	172404.54	0.00
2209	320636.77	0.00
221	278402.41	0.00
221	14999.00	0.00
2210	252044.48	0.00
2210	137414.30	0.00
2211	290425.04	0.00
2211	124048.44	0.00
2212	302232.71	0.00
2212	14999.00	0.00
2213	299651.43	0.00
2213	56661.54	0.00
2214	137055.78	0.00
2214	289204.48	0.00
2215	282150.82	0.00
2215	200865.98	0.00
2216	101041.10	0.00
2216	158355.92	0.00
2217	247640.17	0.00
2217	220922.09	0.00
2218	143348.91	0.00
2218	70372.37	0.00
2219	313367.22	0.00
2219	220555.17	0.00
222	362977.17	0.00
222	145860.15	0.00
2220	14999.00	0.00
2220	79562.16	0.00
2221	14999.00	0.00
2221	298005.91	0.00
2222	120051.79	0.00
2222	184854.18	0.00
2223	131827.52	0.00
2223	112308.07	0.00
2224	67813.03	0.00
2224	106964.63	0.00
2225	216638.18	0.00
2225	178549.61	0.00
2226	14999.00	0.00
2226	107798.26	0.00
2227	209760.96	0.00
2227	212504.03	0.00
2228	56880.91	0.00
2228	72224.90	0.00
2229	82432.63	0.00
2229	70232.44	0.00
223	159431.95	0.00
223	279862.19	0.00
2230	208662.16	0.00
2230	24471.75	0.00
2231	106780.43	0.00
2231	170673.54	0.00
2232	322118.49	0.00
2232	152058.19	0.00
2233	271426.30	0.00
2233	77385.63	0.00
2234	14999.00	0.00
2234	62342.33	0.00
2235	14999.00	0.00
2235	259018.25	0.00
2236	73447.64	0.00
2236	325302.42	0.00
2237	348273.81	0.00
2237	152982.14	0.00
2238	226812.19	0.00
2238	186645.87	0.00
2239	200638.41	0.00
2239	186894.58	0.00
224	51877.17	0.00
224	296849.66	0.00
2240	243822.07	0.00
2240	207166.39	0.00
2241	97324.38	0.00
2241	66436.54	0.00
2242	107659.33	0.00
2242	95732.65	0.00
2243	14999.00	0.00
2243	150112.89	0.00
2244	287667.24	0.00
2244	290907.54	0.00
2245	218630.64	0.00
2245	115644.75	0.00
2246	123166.59	0.00
2246	228967.08	0.00
2247	59287.48	0.00
2247	14999.00	0.00
2248	199145.70	0.00
2248	14999.00	0.00
2249	46813.75	0.00
2249	60211.51	0.00
225	128858.23	0.00
225	184210.45	0.00
2250	117026.26	0.00
2250	187935.45	0.00
2251	79749.48	0.00
2251	14999.00	0.00
2252	14999.00	0.00
2252	110312.54	0.00
2253	229571.04	0.00
2253	221445.78	0.00
2254	173009.37	0.00
2254	209904.39	0.00
2255	306276.27	0.00
2255	71586.64	0.00
2256	244714.92	0.00
2256	288356.58	0.00
2257	223276.27	0.00
2257	291444.62	0.00
2258	213241.36	0.00
2258	14999.00	0.00
2259	14999.00	0.00
2259	92978.16	0.00
226	261468.21	0.00
226	148449.79	0.00
2260	84893.24	0.00
2260	117636.38	0.00
2261	89431.68	0.00
2261	262317.67	0.00
2262	54897.38	0.00
2262	60288.23	0.00
2263	215792.32	0.00
2263	143184.56	0.00
2264	80553.62	0.00
2264	314171.81	0.00
2265	240526.73	0.00
2265	153427.48	0.00
2266	84972.91	0.00
2266	36683.08	0.00
2267	77629.41	0.00
2267	105591.48	0.00
2268	136536.25	0.00
2268	194623.16	0.00
2269	75102.51	0.00
2269	215502.44	0.00
227	187185.02	0.00
227	80931.37	0.00
2270	228036.91	0.00
2270	116351.44	0.00
2271	310564.95	0.00
2271	297608.43	0.00
2272	64298.48	0.00
2272	109954.49	0.00
2273	123775.21	0.00
2273	172712.06	0.00
2274	167017.42	0.00
2274	175265.76	0.00
2275	14999.00	0.00
2275	186574.08	0.00
2276	230393.21	0.00
2276	14999.00	0.00
2277	138579.83	0.00
2277	172177.97	0.00
2278	203152.14	0.00
2278	287252.56	0.00
2279	16092.13	0.00
2279	280421.46	0.00
228	14999.00	0.00
228	231516.62	0.00
2280	129230.66	0.00
2280	185315.38	0.00
2281	253663.83	0.00
2281	358699.63	0.00
2282	76743.82	0.00
2282	175860.76	0.00
2283	140908.72	0.00
2283	97183.39	0.00
2284	196734.49	0.00
2284	171697.58	0.00
2285	14999.00	0.00
2285	217393.09	0.00
2286	30358.38	0.00
2286	209461.80	0.00
2287	68047.33	0.00
2287	83452.91	0.00
2288	66687.77	0.00
2288	191918.61	0.00
2289	85737.58	0.00
2289	206358.93	0.00
229	210279.41	0.00
229	51500.29	0.00
2290	188753.62	0.00
2290	167623.08	0.00
2291	14999.00	0.00
2291	252051.81	0.00
2292	49391.98	0.00
2292	203226.00	0.00
2293	176731.63	0.00
2293	257801.81	0.00
2294	152069.95	0.00
2294	225160.39	0.00
2295	14999.00	0.00
2295	278213.77	0.00
2296	266727.06	0.00
2296	14999.00	0.00
2297	67424.31	0.00
2297	262776.56	0.00
2298	14999.00	0.00
2298	14999.00	0.00
2299	83825.24	0.00
2299	206180.89	0.00
23	93265.21	0.00
23	61874.03	0.00
230	271127.75	0.00
230	42150.56	0.00
2300	317068.35	0.00
2300	52342.83	0.00
2301	278622.68	0.00
2301	63053.90	0.00
2302	249078.78	0.00
2302	62920.92	0.00
2303	207294.94	0.00
2303	42834.34	0.00
2304	97815.59	0.00
2304	107704.61	0.00
2305	210577.72	0.00
2305	27165.87	0.00
2306	14999.00	0.00
2306	232687.00	0.00
2307	143347.67	0.00
2307	67223.34	0.00
2308	39257.21	0.00
2308	121552.86	0.00
2309	154521.76	0.00
2309	179712.49	0.00
231	75067.52	0.00
231	115755.28	0.00
2310	21779.70	0.00
2310	22374.70	0.00
2311	68384.85	0.00
2311	32090.57	0.00
2312	96771.30	0.00
2312	60270.23	0.00
2313	208755.91	0.00
2313	290481.19	0.00
2314	145772.74	0.00
2314	137244.78	0.00
2315	313401.02	0.00
2315	247435.64	0.00
2316	14999.00	0.00
2316	184965.92	0.00
2317	134654.40	0.00
2317	265116.49	0.00
2318	14999.00	0.00
2318	139012.55	0.00
2319	14999.00	0.00
2319	214892.37	0.00
232	104604.76	0.00
232	302533.79	0.00
2320	23370.50	0.00
2320	20842.81	0.00
2321	109467.78	0.00
2321	222374.28	0.00
2322	172851.22	0.00
2322	290208.35	0.00
2323	75456.14	0.00
2323	112303.59	0.00
2324	208523.78	0.00
2324	147012.28	0.00
2325	52693.64	0.00
2325	95767.78	0.00
2326	198550.55	0.00
2326	190962.24	0.00
2327	125749.70	0.00
2327	256069.49	0.00
2328	154736.75	0.00
2328	122159.29	0.00
2329	62534.87	0.00
2329	14999.00	0.00
233	223683.94	0.00
233	14999.00	0.00
2330	44695.76	0.00
2330	14999.00	0.00
2331	119978.56	0.00
2331	14999.00	0.00
2332	14999.00	0.00
2332	38969.25	0.00
2333	99023.39	0.00
2333	14999.00	0.00
2334	251817.10	0.00
2334	23808.20	0.00
2335	14999.00	0.00
2335	277700.85	0.00
2336	121680.19	0.00
2336	175097.58	0.00
2337	253033.00	0.00
2337	330492.48	0.00
2338	85189.66	0.00
2338	74749.08	0.00
2339	205993.91	0.00
2339	129480.28	0.00
234	135769.25	0.00
234	58978.01	0.00
2340	14999.00	0.00
2340	216796.31	0.00
2341	246082.42	0.00
2341	233496.94	0.00
2342	170788.42	0.00
2342	316330.12	0.00
2343	26080.20	0.00
2343	14999.00	0.00
2344	14999.00	0.00
2344	14999.00	0.00
2345	186315.68	0.00
2345	64517.55	0.00
2346	181683.39	0.00
2346	59977.41	0.00
2347	80095.79	0.00
2347	257691.85	0.00
2348	68411.13	0.00
2348	132608.64	0.00
2349	192976.62	0.00
2349	194338.03	0.00
235	129163.70	0.00
235	306477.61	0.00
2350	54811.23	0.00
2350	234552.66	0.00
2351	114897.52	0.00
2351	121894.57	0.00
2352	14999.00	0.00
2352	118002.32	0.00
2353	147137.80	0.00
2353	127444.88	0.00
2354	116004.20	0.00
2354	247455.79	0.00
2355	131973.48	0.00
2355	14999.00	0.00
2356	126887.87	0.00
2356	262120.58	0.00
2357	216804.41	0.00
2357	183469.10	0.00
2358	158795.30	0.00
2358	87212.02	0.00
2359	298548.58	0.00
2359	132275.77	0.00
236	248721.16	0.00
236	99410.61	0.00
2360	110684.26	0.00
2360	14999.00	0.00
2361	46385.53	0.00
2361	14999.00	0.00
2362	239173.54	0.00
2362	56943.49	0.00
2363	269334.21	0.00
2363	86581.96	0.00
2364	295513.55	0.00
2364	180867.25	0.00
2365	115138.20	0.00
2365	211558.72	0.00
2366	178403.92	0.00
2366	14999.00	0.00
2367	203380.96	0.00
2367	145432.78	0.00
2368	152113.71	0.00
2368	279059.72	0.00
2369	201548.98	0.00
2369	203463.11	0.00
237	238773.65	0.00
237	137414.56	0.00
2370	127566.93	0.00
2370	145307.90	0.00
2371	286334.53	0.00
2371	195760.07	0.00
2372	136913.54	0.00
2372	177139.96	0.00
2373	237278.17	0.00
2373	30398.39	0.00
2374	128913.00	0.00
2374	142305.90	0.00
2375	99189.97	0.00
2375	151593.93	0.00
2376	272743.19	0.00
2376	139639.54	0.00
2377	236984.62	0.00
2377	164009.83	0.00
2378	14999.00	0.00
2378	125017.67	0.00
2379	308132.96	0.00
2379	165073.51	0.00
238	14999.00	0.00
238	142043.91	0.00
2380	33861.78	0.00
2380	151205.61	0.00
2381	287783.70	0.00
2381	105709.96	0.00
2382	245471.24	0.00
2382	14999.00	0.00
2383	257231.84	0.00
2383	93395.58	0.00
2384	75337.07	0.00
2384	256906.02	0.00
2385	215768.72	0.00
2385	14999.00	0.00
2386	269624.14	0.00
2386	169768.92	0.00
2387	153979.23	0.00
2387	244630.00	0.00
2388	243697.15	0.00
2388	18124.84	0.00
2389	54207.60	0.00
2389	36723.12	0.00
239	89799.75	0.00
239	32761.75	0.00
2390	138073.26	0.00
2390	124186.91	0.00
2391	233643.81	0.00
2391	241046.30	0.00
2392	83252.80	0.00
2392	71380.49	0.00
2393	175159.79	0.00
2393	217225.97	0.00
2394	226568.04	0.00
2394	112638.05	0.00
2395	14999.00	0.00
2395	14999.00	0.00
2396	51659.11	0.00
2396	14999.00	0.00
2397	240658.33	0.00
2397	117805.39	0.00
2398	237732.31	0.00
2398	110422.46	0.00
2399	14999.00	0.00
2399	139791.59	0.00
24	32993.91	0.00
24	73934.67	0.00
240	35010.15	0.00
240	67458.93	0.00
2400	186901.22	0.00
2400	108799.55	0.00
2401	158874.39	0.00
2401	186577.28	0.00
2402	234611.71	0.00
2402	14999.00	0.00
2403	112127.92	0.00
2403	112486.14	0.00
2404	129164.33	0.00
2404	396178.12	0.00
2405	136433.24	0.00
2405	213333.51	0.00
2406	210112.60	0.00
2406	272724.85	0.00
2407	152124.09	0.00
2407	138645.80	0.00
2408	272597.48	0.00
2408	150456.71	0.00
2409	58732.22	0.00
2409	186409.20	0.00
241	105498.13	0.00
241	105615.98	0.00
2410	279622.96	0.00
2410	237119.77	0.00
2411	242178.77	0.00
2411	62989.68	0.00
2412	269597.52	0.00
2412	46906.84	0.00
2413	76590.94	0.00
2413	54983.36	0.00
2414	251316.74	0.00
2414	261771.74	0.00
2415	14999.00	0.00
2415	76134.38	0.00
2416	14999.00	0.00
2416	14999.00	0.00
2417	31357.44	0.00
2417	66568.98	0.00
2418	193803.81	0.00
2418	14999.00	0.00
2419	91721.91	0.00
2419	209970.93	0.00
242	138902.48	0.00
242	167298.96	0.00
2420	14999.00	0.00
2420	290485.47	0.00
2421	231267.04	0.00
2421	14999.00	0.00
2422	112079.52	0.00
2422	167123.57	0.00
2423	14999.00	0.00
2423	239072.76	0.00
2424	34750.54	0.00
2424	125737.99	0.00
2425	78126.16	0.00
2425	14999.00	0.00
2426	210885.64	0.00
2426	14999.00	0.00
2427	205343.04	0.00
2427	156993.06	0.00
2428	240057.09	0.00
2428	14999.00	0.00
2429	213266.21	0.00
2429	63924.25	0.00
243	133323.25	0.00
243	124217.42	0.00
2430	142142.20	0.00
2430	244807.92	0.00
2431	33766.29	0.00
2431	208637.46	0.00
2432	108425.52	0.00
2432	90935.64	0.00
2433	81436.27	0.00
2433	235694.08	0.00
2434	14999.00	0.00
2434	180276.77	0.00
2435	224326.50	0.00
2435	173542.07	0.00
2436	110174.60	0.00
2436	15174.83	0.00
2437	157685.98	0.00
2437	153735.28	0.00
2438	44252.32	0.00
2438	218841.17	0.00
2439	260400.37	0.00
2439	217692.41	0.00
244	302675.88	0.00
244	215838.93	0.00
2440	80537.70	0.00
2440	97009.74	0.00
2441	14999.00	0.00
2441	176468.34	0.00
2442	133064.70	0.00
2442	143338.26	0.00
2443	14999.00	0.00
2443	227261.34	0.00
2444	331001.50	0.00
2444	123559.40	0.00
2445	158510.73	0.00
2445	14999.00	0.00
2446	316786.95	0.00
2446	14999.00	0.00
2447	211766.37	0.00
2447	14999.00	0.00
2448	131759.40	0.00
2448	49925.81	0.00
2449	240218.63	0.00
2449	162648.51	0.00
245	59130.73	0.00
245	96119.34	0.00
2450	168150.57	0.00
2450	52027.93	0.00
2451	108261.29	0.00
2451	310261.63	0.00
2452	241032.43	0.00
2452	130766.80	0.00
2453	246245.10	0.00
2453	424693.67	0.00
2454	45861.76	0.00
2454	209623.05	0.00
2455	91717.80	0.00
2455	199502.24	0.00
2456	67911.64	0.00
2456	14999.00	0.00
2457	57607.61	0.00
2457	189816.52	0.00
2458	54357.66	0.00
2458	204190.89	0.00
2459	113795.21	0.00
2459	70219.38	0.00
246	250307.55	0.00
246	222423.59	0.00
2460	102398.70	0.00
2460	110014.06	0.00
2461	209794.46	0.00
2461	78563.18	0.00
2462	14999.00	0.00
2462	143619.26	0.00
2463	174223.71	0.00
2463	14999.00	0.00
2464	78292.48	0.00
2464	66680.36	0.00
2465	98569.53	0.00
2465	17984.93	0.00
2466	14999.00	0.00
2466	196307.72	0.00
2467	112807.60	0.00
2467	271249.66	0.00
2468	264476.65	0.00
2468	61852.07	0.00
2469	99207.24	0.00
2469	202306.34	0.00
247	121280.33	0.00
247	250124.00	0.00
2470	304703.29	0.00
2470	104078.70	0.00
2471	93825.96	0.00
2471	249784.89	0.00
2472	62396.76	0.00
2472	47381.76	0.00
2473	157144.66	0.00
2473	99476.01	0.00
2474	44987.42	0.00
2474	246892.67	0.00
2475	185575.03	0.00
2475	133047.40	0.00
2476	14999.00	0.00
2476	130039.95	0.00
2477	186143.04	0.00
2477	250788.09	0.00
2478	127265.22	0.00
2478	14999.00	0.00
2479	123835.81	0.00
2479	27332.99	0.00
248	20930.60	0.00
248	42011.78	0.00
2480	76442.69	0.00
2480	205058.03	0.00
2481	257574.07	0.00
2481	205572.44	0.00
2482	312333.92	0.00
2482	61785.71	0.00
2483	35676.90	0.00
2483	86185.54	0.00
2484	14999.00	0.00
2484	14999.00	0.00
2485	153096.96	0.00
2485	47289.53	0.00
2486	14999.00	0.00
2486	33615.49	0.00
2487	36107.75	0.00
2487	140027.33	0.00
2488	62571.94	0.00
2488	197711.94	0.00
2489	201912.82	0.00
2489	104420.26	0.00
249	62012.33	0.00
249	183968.12	0.00
2490	269988.91	0.00
2490	164731.68	0.00
2491	76847.70	0.00
2491	182845.49	0.00
2492	131943.20	0.00
2492	215056.51	0.00
2493	124528.03	0.00
2493	113152.71	0.00
2494	65941.73	0.00
2494	14999.00	0.00
2495	228236.05	0.00
2495	14999.00	0.00
2496	47153.81	0.00
2496	224371.28	0.00
2497	15772.64	0.00
2497	35281.88	0.00
2498	166598.65	0.00
2498	25284.77	0.00
2499	165728.55	0.00
25	14999.00	0.00
25	138953.79	0.00
250	171504.89	0.00
250	265131.90	0.00
251	118228.83	0.00
251	30266.62	0.00
252	130963.21	0.00
252	189214.57	0.00
253	285462.52	0.00
253	85857.01	0.00
254	218389.35	0.00
254	293016.23	0.00
255	132457.98	0.00
255	44833.09	0.00
256	319523.72	0.00
256	191395.94	0.00
257	75294.34	0.00
257	33197.57	0.00
258	242534.21	0.00
258	178692.07	0.00
259	14999.00	0.00
259	86999.20	0.00
26	110189.31	0.00
26	120462.23	0.00
260	228317.71	0.00
260	65255.44	0.00
261	175965.53	0.00
261	14999.00	0.00
262	198442.53	0.00
262	14999.00	0.00
263	37429.81	0.00
263	56060.73	0.00
264	259677.16	0.00
264	14999.00	0.00
265	209296.52	0.00
265	87655.00	0.00
266	217544.61	0.00
266	14999.00	0.00
267	207974.04	0.00
267	246263.25	0.00
268	108781.59	0.00
268	204031.91	0.00
269	302962.54	0.00
269	162461.79	0.00
27	214017.90	0.00
27	196897.61	0.00
270	142409.31	0.00
270	141635.37	0.00
271	205738.60	0.00
271	14999.00	0.00
272	14999.00	0.00
272	284397.19	0.00
273	14999.00	0.00
273	14999.00	0.00
274	93987.65	0.00
274	14999.00	0.00
275	97285.93	0.00
275	98006.51	0.00
276	124833.50	0.00
276	87699.82	0.00
277	353861.54	0.00
277	64088.35	0.00
278	130901.82	0.00
278	35044.29	0.00
279	164389.55	0.00
279	131075.96	0.00
28	17782.09	0.00
28	62252.28	0.00
280	14999.00	0.00
280	198824.16	0.00
281	18577.72	0.00
281	207891.74	0.00
282	73015.88	0.00
282	193602.49	0.00
283	146809.00	0.00
283	14999.00	0.00
284	184784.01	0.00
284	108958.91	0.00
285	212149.85	0.00
285	136682.52	0.00
286	48055.12	0.00
286	121184.14	0.00
287	77379.67	0.00
287	178870.16	0.00
288	187605.65	0.00
288	234469.78	0.00
289	146390.16	0.00
289	157671.87	0.00
29	22333.41	0.00
29	75225.99	0.00
290	14999.00	0.00
290	111946.93	0.00
291	186079.96	0.00
291	117223.85	0.00
292	94688.14	0.00
292	124650.56	0.00
293	187665.62	0.00
293	228166.32	0.00
294	203717.68	0.00
294	14999.00	0.00
295	14999.00	0.00
295	288575.01	0.00
296	14999.00	0.00
296	164670.17	0.00
297	121661.57	0.00
297	120366.51	0.00
298	247652.99	0.00
298	59555.16	0.00
299	113317.94	0.00
299	157181.33	0.00
3	65954.95	0.00
3	274088.82	0.00
30	163476.19	0.00
30	71164.17	0.00
300	27356.38	0.00
300	168392.51	0.00
301	14999.00	0.00
301	141105.38	0.00
302	135563.66	0.00
302	199064.19	0.00
303	30740.41	0.00
303	133320.21	0.00
304	235390.97	0.00
304	121740.87	0.00
305	119287.15	0.00
305	247671.28	0.00
306	154566.12	0.00
306	14999.00	0.00
307	159651.39	0.00
307	26374.49	0.00
308	71586.12	0.00
308	154814.73	0.00
309	141575.08	0.00
309	198254.56	0.00
31	167650.82	0.00
31	205457.67	0.00
310	108177.19	0.00
310	14999.00	0.00
311	310644.73	0.00
311	122676.21	0.00
312	75482.68	0.00
312	252752.51	0.00
313	157581.41	0.00
313	14999.00	0.00
314	219506.52	0.00
314	150509.65	0.00
315	146173.51	0.00
315	14999.00	0.00
316	64004.82	0.00
316	37363.18	0.00
317	14999.00	0.00
317	176984.05	0.00
318	27385.42	0.00
318	175523.33	0.00
319	56644.33	0.00
319	253561.28	0.00
32	342253.66	0.00
32	302115.27	0.00
320	151639.06	0.00
320	204636.63	0.00
321	196667.92	0.00
321	14999.00	0.00
322	120922.57	0.00
322	206981.79	0.00
323	147441.90	0.00
323	257941.33	0.00
324	230002.85	0.00
324	14999.00	0.00
325	269488.75	0.00
325	65097.70	0.00
326	224368.02	0.00
326	169673.24	0.00
327	14999.00	0.00
327	98839.20	0.00
328	14999.00	0.00
328	145369.07	0.00
329	61045.81	0.00
329	14999.00	0.00
33	36712.51	0.00
33	298763.13	0.00
330	121757.15	0.00
330	27098.07	0.00
331	14999.00	0.00
331	251156.83	0.00
332	14999.00	0.00
332	165134.14	0.00
333	268215.75	0.00
333	14999.00	0.00
334	64742.70	0.00
334	234516.73	0.00
335	14999.00	0.00
335	246969.80	0.00
336	281074.10	0.00
336	320468.17	0.00
337	225090.85	0.00
337	117494.80	0.00
338	169416.73	0.00
338	114976.90	0.00
339	128853.05	0.00
339	122732.00	0.00
34	249583.46	0.00
34	133866.17	0.00
340	87390.92	0.00
340	105400.73	0.00
341	285739.98	0.00
341	51052.20	0.00
342	14999.00	0.00
342	14999.00	0.00
343	14999.00	0.00
343	14999.00	0.00
344	77792.78	0.00
344	126649.64	0.00
345	101007.10	0.00
345	225714.46	0.00
346	225258.35	0.00
346	63113.43	0.00
347	55209.01	0.00
347	158821.43	0.00
348	264263.77	0.00
348	307328.39	0.00
349	14999.00	0.00
349	14999.00	0.00
35	289488.99	0.00
35	208516.30	0.00
350	246902.01	0.00
350	161546.92	0.00
351	199508.62	0.00
351	14999.00	0.00
352	330719.65	0.00
352	123131.88	0.00
353	287109.89	0.00
353	39070.91	0.00
354	181075.81	0.00
354	247926.75	0.00
355	232716.96	0.00
355	275785.63	0.00
356	85493.70	0.00
356	210401.55	0.00
357	14999.00	0.00
357	43711.43	0.00
358	49829.36	0.00
358	35989.52	0.00
359	238710.69	0.00
359	158742.99	0.00
36	49028.80	0.00
36	351999.30	0.00
360	240991.46	0.00
360	204461.61	0.00
361	173467.75	0.00
361	165523.14	0.00
362	54918.48	0.00
362	213640.06	0.00
363	119546.40	0.00
363	158759.79	0.00
364	14999.00	0.00
364	263192.72	0.00
365	120355.11	0.00
365	145370.54	0.00
366	151500.18	0.00
366	56442.75	0.00
367	152268.18	0.00
367	156068.06	0.00
368	88057.39	0.00
368	270564.39	0.00
369	285433.00	0.00
369	153749.12	0.00
37	14999.00	0.00
37	58341.08	0.00
370	14999.00	0.00
370	28750.83	0.00
371	34718.67	0.00
371	14999.00	0.00
372	112000.05	0.00
372	142018.55	0.00
373	106017.90	0.00
373	100007.93	0.00
374	144196.00	0.00
374	307605.70	0.00
375	95880.87	0.00
375	16654.95	0.00
376	257298.42	0.00
376	141783.71	0.00
377	252264.50	0.00
377	247186.13	0.00
378	212182.61	0.00
378	72680.06	0.00
379	158493.31	0.00
379	210498.65	0.00
38	65710.37	0.00
38	241904.62	0.00
380	14999.00	0.00
380	93177.97	0.00
381	206629.67	0.00
381	45449.19	0.00
382	123467.07	0.00
382	33902.14	0.00
383	23362.14	0.00
383	196208.77	0.00
384	163486.06	0.00
384	90761.67	0.00
385	195809.51	0.00
385	14999.00	0.00
386	85850.32	0.00
386	14999.00	0.00
387	14999.00	0.00
387	42451.70	0.00
388	240530.38	0.00
388	130878.05	0.00
389	14999.00	0.00
389	139879.16	0.00
39	14999.00	0.00
39	14999.00	0.00
390	57208.93	0.00
390	14999.00	0.00
391	48892.69	0.00
391	28727.29	0.00
392	25207.04	0.00
392	85761.35	0.00
393	202040.05	0.00
393	47559.60	0.00
394	268064.32	0.00
394	100241.80	0.00
395	193737.77	0.00
395	345660.86	0.00
396	14999.00	0.00
396	215027.94	0.00
397	63539.95	0.00
397	169354.20	0.00
398	207532.41	0.00
398	85082.32	0.00
399	14999.00	0.00
399	111420.71	0.00
4	205029.71	0.00
4	14999.00	0.00
40	302548.48	0.00
40	14999.00	0.00
400	19087.62	0.00
400	126434.54	0.00
401	62799.35	0.00
401	23599.09	0.00
402	156133.27	0.00
402	112515.07	0.00
403	159291.42	0.00
403	45745.93	0.00
404	14999.00	0.00
404	58745.24	0.00
405	30032.68	0.00
405	37236.04	0.00
406	76221.97	0.00
406	105624.67	0.00
407	46053.03	0.00
407	212838.39	0.00
408	187630.93	0.00
408	107323.14	0.00
409	334477.78	0.00
409	14999.00	0.00
41	141403.46	0.00
41	105532.91	0.00
410	14999.00	0.00
410	255076.58	0.00
411	29090.41	0.00
411	292671.74	0.00
412	240747.97	0.00
412	344999.63	0.00
413	156738.44	0.00
413	14999.00	0.00
414	54325.17	0.00
414	45389.58	0.00
415	132770.13	0.00
415	203341.39	0.00
416	272707.79	0.00
416	202610.55	0.00
417	163676.46	0.00
417	233267.40	0.00
418	86084.56	0.00
418	179593.97	0.00
419	114723.53	0.00
419	250135.60	0.00
42	228635.94	0.00
42	224556.55	0.00
420	183098.41	0.00
420	133230.92	0.00
421	185538.42	0.00
421	264044.07	0.00
422	185175.11	0.00
422	14999.00	0.00
423	214413.82	0.00
423	228128.93	0.00
424	71381.68	0.00
424	210165.55	0.00
425	177546.78	0.00
425	47975.71	0.00
426	270718.12	0.00
426	227799.03	0.00
427	147635.82	0.00
427	197626.90	0.00
428	87064.57	0.00
428	200587.79	0.00
429	217366.12	0.00
429	108738.32	0.00
43	197679.30	0.00
43	14999.00	0.00
430	85055.20	0.00
430	212319.46	0.00
431	145217.37	0.00
431	35491.83	0.00
432	131863.80	0.00
432	22044.64	0.00
433	111075.75	0.00
433	268314.89	0.00
434	193276.65	0.00
434	243718.50	0.00
435	53406.21	0.00
435	87135.12	0.00
436	271342.37	0.00
436	277490.84	0.00
437	201888.71	0.00
437	289270.80	0.00
438	156831.11	0.00
438	150829.55	0.00
439	114645.79	0.00
439	282099.83	0.00
44	144699.44	0.00
44	141673.58	0.00
440	132645.69	0.00
440	315135.07	0.00
441	131168.87	0.00
441	180242.65	0.00
442	186779.20	0.00
442	187439.54	0.00
443	14999.00	0.00
443	14999.00	0.00
444	85173.24	0.00
444	166136.59	0.00
445	242354.55	0.00
445	159177.71	0.00
446	247641.95	0.00
446	14999.00	0.00
447	87416.14	0.00
447	28203.28	0.00
448	149750.54	0.00
448	36919.49	0.00
449	14999.00	0.00
449	166179.75	0.00
45	271096.70	0.00
45	14999.00	0.00
450	148250.15	0.00
450	193981.63	0.00
451	245181.27	0.00
451	63995.51	0.00
452	14999.00	0.00
452	272640.30	0.00
453	14999.00	0.00
453	197946.19	0.00
454	14999.00	0.00
454	154376.10	0.00
455	109015.32	0.00
455	134323.71	0.00
456	108529.60	0.00
456	63550.51	0.00
457	264577.01	0.00
457	56329.40	0.00
458	120899.99	0.00
458	106267.34	0.00
459	225986.87	0.00
459	19833.84	0.00
46	184998.56	0.00
46	50002.76	0.00
460	159066.81	0.00
460	14999.00	0.00
461	104976.22	0.00
461	322797.99	0.00
462	260618.94	0.00
462	179890.09	0.00
463	39496.81	0.00
463	44811.39	0.00
464	119789.99	0.00
464	168484.83	0.00
465	142593.25	0.00
465	14999.00	0.00
466	14999.00	0.00
466	300519.90	0.00
467	314720.71	0.00
467	183127.52	0.00
468	163524.64	0.00
468	137462.88	0.00
469	237909.63	0.00
469	28956.90	0.00
47	125310.65	0.00
47	139053.81	0.00
470	14999.00	0.00
470	213416.78	0.00
471	148155.78	0.00
471	71775.72	0.00
472	151336.72	0.00
472	171452.09	0.00
473	129344.98	0.00
473	14999.00	0.00
474	247438.36	0.00
474	204231.65	0.00
475	14999.00	0.00
475	14999.00	0.00
476	66498.74	0.00
476	261673.11	0.00
477	206500.74	0.00
477	326651.09	0.00
478	238507.88	0.00
478	269298.31	0.00
479	14999.00	0.00
479	206409.13	0.00
48	103025.73	0.00
48	256970.90	0.00
480	14999.00	0.00
480	239130.13	0.00
481	285111.99	0.00
481	127971.13	0.00
482	136575.58	0.00
482	14999.00	0.00
483	14999.00	0.00
483	18683.18	0.00
484	67869.92	0.00
484	14999.00	0.00
485	165951.73	0.00
485	219824.57	0.00
486	60828.90	0.00
486	202911.22	0.00
487	98913.76	0.00
487	172225.57	0.00
488	220132.99	0.00
488	14999.00	0.00
489	177823.28	0.00
489	31843.38	0.00
49	204002.91	0.00
49	205012.34	0.00
490	217378.97	0.00
490	131501.32	0.00
491	265714.10	0.00
491	78701.87	0.00
492	176563.29	0.00
492	14999.00	0.00
493	49528.67	0.00
493	312999.33	0.00
494	271574.40	0.00
494	156348.93	0.00
495	155534.16	0.00
495	253054.19	0.00
496	217378.70	0.00
496	39811.46	0.00
497	95426.24	0.00
497	70733.65	0.00
498	203307.78	0.00
498	139821.22	0.00
499	25814.63	0.00
499	286868.24	0.00
5	27221.09	0.00
5	133989.51	0.00
50	199195.40	0.00
50	14999.00	0.00
500	113344.92	0.00
500	54325.17	0.00
501	54401.26	0.00
501	285563.39	0.00
502	62869.12	0.00
502	14999.00	0.00
503	310473.74	0.00
503	140588.74	0.00
504	236581.26	0.00
504	172287.30	0.00
505	262631.27	0.00
505	153711.64	0.00
506	268123.73	0.00
506	238541.49	0.00
507	49049.28	0.00
507	31101.87	0.00
508	115198.35	0.00
508	125964.21	0.00
509	205383.72	0.00
509	168717.74	0.00
51	14999.00	0.00
51	220169.32	0.00
510	44755.51	0.00
510	172589.54	0.00
511	14999.00	0.00
511	259769.94	0.00
512	139160.38	0.00
512	224557.84	0.00
513	188012.22	0.00
513	306576.83	0.00
514	14999.00	0.00
514	14999.00	0.00
515	240028.69	0.00
515	246944.77	0.00
516	201925.12	0.00
516	105837.51	0.00
517	25752.78	0.00
517	45037.56	0.00
518	14999.00	0.00
518	161691.21	0.00
519	128451.96	0.00
519	87489.93	0.00
52	113075.58	0.00
52	312329.15	0.00
520	220794.38	0.00
520	131787.62	0.00
521	174265.42	0.00
521	14999.00	0.00
522	92219.37	0.00
522	137511.52	0.00
523	156130.49	0.00
523	14999.00	0.00
524	327926.81	0.00
524	159238.56	0.00
525	199183.70	0.00
525	14999.00	0.00
526	147137.19	0.00
526	14999.00	0.00
527	224805.56	0.00
527	258787.60	0.00
528	130595.64	0.00
528	50382.28	0.00
529	167220.49	0.00
529	279356.36	0.00
53	14999.00	0.00
53	14999.00	0.00
530	14999.00	0.00
530	163876.86	0.00
531	38569.53	0.00
531	263640.08	0.00
532	210673.95	0.00
532	201709.17	0.00
533	149292.08	0.00
533	184558.12	0.00
534	14999.00	0.00
534	35320.50	0.00
535	150464.98	0.00
535	73953.81	0.00
536	224395.65	0.00
536	72249.47	0.00
537	38742.59	0.00
537	59289.15	0.00
538	18919.52	0.00
538	140605.82	0.00
539	83305.95	0.00
539	79902.10	0.00
54	14999.00	0.00
54	114842.57	0.00
540	275331.44	0.00
540	95313.35	0.00
541	177106.42	0.00
541	123129.74	0.00
542	14999.00	0.00
542	154706.10	0.00
543	145214.61	0.00
543	14999.00	0.00
544	14999.00	0.00
544	93903.03	0.00
545	202847.05	0.00
545	113146.54	0.00
546	181176.86	0.00
546	92773.55	0.00
547	81221.48	0.00
547	91524.93	0.00
548	159749.27	0.00
548	272054.68	0.00
549	87603.90	0.00
549	150577.82	0.00
55	228224.88	0.00
55	171128.02	0.00
550	118527.17	0.00
550	184089.78	0.00
551	312139.21	0.00
551	14999.00	0.00
552	173651.06	0.00
552	89877.62	0.00
553	211658.56	0.00
553	55918.73	0.00
554	172329.19	0.00
554	80268.04	0.00
555	14999.00	0.00
555	213914.99	0.00
556	329752.91	0.00
556	50304.49	0.00
557	100528.25	0.00
557	30284.22	0.00
558	70562.08	0.00
558	190990.84	0.00
559	14999.00	0.00
559	95374.32	0.00
56	213074.82	0.00
56	121533.81	0.00
560	14999.00	0.00
560	149381.13	0.00
561	181888.29	0.00
561	161080.91	0.00
562	121290.09	0.00
562	53139.30	0.00
563	138245.64	0.00
563	14999.00	0.00
564	114880.53	0.00
564	89400.19	0.00
565	273032.23	0.00
565	157411.18	0.00
566	57611.62	0.00
566	185877.19	0.00
567	190320.68	0.00
567	222385.77	0.00
568	152643.89	0.00
568	40222.67	0.00
569	14999.00	0.00
569	196025.85	0.00
57	251286.16	0.00
57	160488.87	0.00
570	329681.93	0.00
570	188066.50	0.00
571	18702.94	0.00
571	247351.05	0.00
572	191013.21	0.00
572	86899.20	0.00
573	79469.38	0.00
573	37849.97	0.00
574	302668.54	0.00
574	113008.77	0.00
575	14999.00	0.00
575	237173.49	0.00
576	132761.15	0.00
576	212466.34	0.00
577	14999.00	0.00
577	73875.84	0.00
578	150663.84	0.00
578	26250.42	0.00
579	226124.31	0.00
579	167724.51	0.00
58	126314.40	0.00
58	14999.00	0.00
580	146687.85	0.00
580	44406.65	0.00
581	16517.02	0.00
581	98201.72	0.00
582	54137.01	0.00
582	187069.90	0.00
583	14999.00	0.00
583	14999.00	0.00
584	14999.00	0.00
584	166383.20	0.00
585	14999.00	0.00
585	57843.89	0.00
586	348004.48	0.00
586	148455.91	0.00
587	213719.77	0.00
587	116866.49	0.00
588	122688.88	0.00
588	120483.71	0.00
589	129333.80	0.00
589	209729.69	0.00
59	184453.14	0.00
59	147020.30	0.00
590	145664.15	0.00
590	108732.78	0.00
591	14999.00	0.00
591	37522.50	0.00
592	150749.82	0.00
592	243379.10	0.00
593	224499.58	0.00
593	65933.30	0.00
594	273639.02	0.00
594	54436.24	0.00
595	220311.15	0.00
595	166224.50	0.00
596	400671.07	0.00
596	159082.93	0.00
597	190074.69	0.00
597	14999.00	0.00
598	373286.94	0.00
598	191700.65	0.00
599	123889.88	0.00
599	166701.13	0.00
6	181098.62	0.00
6	105538.05	0.00
60	49518.42	0.00
60	146886.92	0.00
600	17193.08	0.00
600	83444.99	0.00
601	175546.72	0.00
601	57008.54	0.00
602	130156.23	0.00
602	188735.31	0.00
603	14999.00	0.00
603	191332.28	0.00
604	327100.73	0.00
604	77543.66	0.00
605	14999.00	0.00
605	22210.30	0.00
606	161031.06	0.00
606	272077.84	0.00
607	182980.82	0.00
607	14999.00	0.00
608	82143.70	0.00
608	86401.02	0.00
609	14999.00	0.00
609	114289.72	0.00
61	155063.02	0.00
61	207686.39	0.00
610	256604.14	0.00
610	14999.00	0.00
611	86261.32	0.00
611	128805.53	0.00
612	183463.40	0.00
612	14999.00	0.00
613	14999.00	0.00
613	180474.70	0.00
614	320972.64	0.00
614	115473.38	0.00
615	218780.37	0.00
615	14999.00	0.00
616	27682.48	0.00
616	261919.68	0.00
617	66134.61	0.00
617	25911.05	0.00
618	65495.08	0.00
618	168738.20	0.00
619	147482.54	0.00
619	14999.00	0.00
62	66170.08	0.00
62	42248.22	0.00
620	14999.00	0.00
620	125875.23	0.00
621	187649.39	0.00
621	14999.00	0.00
622	287743.45	0.00
622	14999.00	0.00
623	175259.50	0.00
623	100321.13	0.00
624	157792.90	0.00
624	65962.33	0.00
625	84476.72	0.00
625	197352.79	0.00
626	75391.23	0.00
626	132221.82	0.00
627	78461.10	0.00
627	116658.50	0.00
628	55865.09	0.00
628	14999.00	0.00
629	248848.17	0.00
629	211644.55	0.00
63	166887.28	0.00
63	111819.77	0.00
630	151653.59	0.00
630	117118.29	0.00
631	289800.93	0.00
631	14999.00	0.00
632	358597.01	0.00
632	183749.75	0.00
633	274931.66	0.00
633	148992.46	0.00
634	14999.00	0.00
634	194609.81	0.00
635	64162.85	0.00
635	262294.69	0.00
636	14999.00	0.00
636	115715.20	0.00
637	311820.89	0.00
637	52947.41	0.00
638	298305.79	0.00
638	194214.61	0.00
639	14999.00	0.00
639	196077.16	0.00
64	272477.40	0.00
64	157311.60	0.00
640	109110.58	0.00
640	112337.96	0.00
641	32613.64	0.00
641	188531.91	0.00
642	14999.00	0.00
642	45344.56	0.00
643	125276.22	0.00
643	273262.22	0.00
644	217818.91	0.00
644	14999.00	0.00
645	224897.37	0.00
645	14999.00	0.00
646	295122.06	0.00
646	49122.15	0.00
647	208897.56	0.00
647	256763.03	0.00
648	211063.03	0.00
648	260547.78	0.00
649	32170.42	0.00
649	70557.75	0.00
65	138170.19	0.00
65	189287.53	0.00
650	74230.56	0.00
650	260615.61	0.00
651	278457.23	0.00
651	247704.08	0.00
652	14999.00	0.00
652	103116.53	0.00
653	134152.13	0.00
653	108000.56	0.00
654	296440.17	0.00
654	272602.48	0.00
655	161244.99	0.00
655	29022.39	0.00
656	301406.39	0.00
656	23118.29	0.00
657	20633.51	0.00
657	134468.79	0.00
658	14999.00	0.00
658	146211.75	0.00
659	294880.56	0.00
659	42900.58	0.00
66	276538.58	0.00
66	14999.00	0.00
660	106373.35	0.00
660	38034.05	0.00
661	282958.06	0.00
661	211149.11	0.00
662	161176.69	0.00
662	66303.21	0.00
663	139773.99	0.00
663	43680.28	0.00
664	32550.96	0.00
664	246859.04	0.00
665	153281.91	0.00
665	172847.31	0.00
666	46772.00	0.00
666	205879.53	0.00
667	82631.30	0.00
667	14999.00	0.00
668	234424.34	0.00
668	137626.31	0.00
669	14999.00	0.00
669	125723.28	0.00
67	14999.00	0.00
67	240835.58	0.00
670	66531.01	0.00
670	80905.95	0.00
671	14999.00	0.00
671	219576.22	0.00
672	54572.91	0.00
672	232443.11	0.00
673	181464.91	0.00
673	322328.37	0.00
674	165115.67	0.00
674	18975.70	0.00
675	123788.12	0.00
675	186833.73	0.00
676	124793.27	0.00
676	79110.60	0.00
677	307199.95	0.00
677	14999.00	0.00
678	40410.72	0.00
678	25717.28	0.00
679	162307.87	0.00
679	148378.41	0.00
68	132970.14	0.00
68	197785.79	0.00
680	54088.80	0.00
680	65164.28	0.00
681	317632.77	0.00
681	129481.07	0.00
682	320918.96	0.00
682	14999.00	0.00
683	75687.23	0.00
683	104652.62	0.00
684	114379.97	0.00
684	45621.23	0.00
685	14999.00	0.00
685	113242.02	0.00
686	169065.32	0.00
686	17756.05	0.00
687	176774.76	0.00
687	101844.72	0.00
688	293518.24	0.00
688	383515.54	0.00
689	220472.78	0.00
689	218380.58	0.00
69	14999.00	0.00
69	127650.45	0.00
690	146340.99	0.00
690	113163.17	0.00
691	14999.00	0.00
691	28085.14	0.00
692	14999.00	0.00
692	14999.00	0.00
693	25322.01	0.00
693	14999.00	0.00
694	93145.65	0.00
694	155065.92	0.00
695	77822.92	0.00
695	194562.38	0.00
696	99878.24	0.00
696	175407.43	0.00
697	164729.24	0.00
697	14999.00	0.00
698	104676.06	0.00
698	21479.31	0.00
699	218594.75	0.00
699	304422.16	0.00
7	14999.00	0.00
7	138137.66	0.00
70	217484.94	0.00
70	14999.00	0.00
700	255097.27	0.00
700	14999.00	0.00
701	147995.27	0.00
701	94253.15	0.00
702	71415.69	0.00
702	14999.00	0.00
703	19653.37	0.00
703	83964.89	0.00
704	238725.04	0.00
704	14999.00	0.00
705	28707.21	0.00
705	114686.88	0.00
706	100653.10	0.00
706	126036.70	0.00
707	175384.67	0.00
707	141204.06	0.00
708	210840.90	0.00
708	280802.61	0.00
709	14999.00	0.00
709	136604.77	0.00
71	161123.64	0.00
71	158448.77	0.00
710	39140.55	0.00
710	46400.76	0.00
711	135919.46	0.00
711	188225.97	0.00
712	251578.49	0.00
712	220290.71	0.00
713	162451.98	0.00
713	157585.63	0.00
714	388763.88	0.00
714	14999.00	0.00
715	14999.00	0.00
715	240394.25	0.00
716	36359.25	0.00
716	334249.72	0.00
717	140156.93	0.00
717	14999.00	0.00
718	14999.00	0.00
718	90239.65	0.00
719	14999.00	0.00
719	265255.06	0.00
72	234034.92	0.00
72	121609.28	0.00
720	14999.00	0.00
720	182511.72	0.00
721	134284.38	0.00
721	206229.72	0.00
722	163538.10	0.00
722	173600.42	0.00
723	241565.84	0.00
723	62866.51	0.00
724	200787.90	0.00
724	14999.00	0.00
725	14999.00	0.00
725	379717.64	0.00
726	14999.00	0.00
726	40819.50	0.00
727	34563.99	0.00
727	96092.97	0.00
728	308150.58	0.00
728	69540.59	0.00
729	16200.71	0.00
729	283661.61	0.00
73	36770.89	0.00
73	101581.06	0.00
730	57091.24	0.00
730	184015.90	0.00
731	151667.95	0.00
731	85439.62	0.00
732	96649.38	0.00
732	201412.71	0.00
733	14999.00	0.00
733	187638.30	0.00
734	328617.02	0.00
734	116037.13	0.00
735	103394.81	0.00
735	164312.36	0.00
736	100673.00	0.00
736	97165.15	0.00
737	155180.51	0.00
737	168008.91	0.00
738	175554.51	0.00
738	221433.71	0.00
739	54742.45	0.00
739	60767.27	0.00
74	270986.63	0.00
74	91865.14	0.00
740	217680.01	0.00
740	199534.38	0.00
741	14999.00	0.00
741	102563.10	0.00
742	117253.57	0.00
742	47304.98	0.00
743	189490.35	0.00
743	23082.46	0.00
744	202697.43	0.00
744	171141.21	0.00
745	196425.52	0.00
745	14999.00	0.00
746	221164.03	0.00
746	14999.00	0.00
747	237449.84	0.00
747	14999.00	0.00
748	52818.74	0.00
748	172978.58	0.00
749	174697.47	0.00
749	168436.34	0.00
75	270903.93	0.00
75	48524.13	0.00
750	38011.59	0.00
750	54854.56	0.00
751	107518.79	0.00
751	262411.06	0.00
752	220058.51	0.00
752	286963.38	0.00
753	61152.82	0.00
753	112797.91	0.00
754	103085.88	0.00
754	179617.65	0.00
755	208369.04	0.00
755	77481.77	0.00
756	221536.39	0.00
756	102358.79	0.00
757	305146.16	0.00
757	14999.00	0.00
758	14999.00	0.00
758	43695.78	0.00
759	14999.00	0.00
759	107337.82	0.00
76	14999.00	0.00
76	162593.64	0.00
760	60517.38	0.00
760	178456.65	0.00
761	36197.91	0.00
761	93245.23	0.00
762	78487.21	0.00
762	128006.34	0.00
763	50670.15	0.00
763	184550.61	0.00
764	74514.89	0.00
764	85570.16	0.00
765	30349.63	0.00
765	14999.00	0.00
766	198270.19	0.00
766	73630.57	0.00
767	68487.05	0.00
767	167078.50	0.00
768	142418.57	0.00
768	212468.69	0.00
769	14999.00	0.00
769	122629.36	0.00
77	279498.00	0.00
77	106302.61	0.00
770	235352.82	0.00
770	135796.33	0.00
771	156922.15	0.00
771	48840.26	0.00
772	277158.41	0.00
772	262820.13	0.00
773	101719.42	0.00
773	14999.00	0.00
774	98650.47	0.00
774	137973.70	0.00
775	326056.51	0.00
775	182110.66	0.00
776	16257.06	0.00
776	229287.40	0.00
777	107130.71	0.00
777	229633.60	0.00
778	188091.92	0.00
778	109220.94	0.00
779	30423.49	0.00
779	339724.72	0.00
78	159037.54	0.00
78	301421.98	0.00
780	239292.03	0.00
780	52743.89	0.00
781	212013.77	0.00
781	305331.06	0.00
782	14999.00	0.00
782	51105.40	0.00
783	187273.58	0.00
783	53727.53	0.00
784	236273.93	0.00
784	37159.65	0.00
785	39493.96	0.00
785	183317.43	0.00
786	64372.34	0.00
786	71601.07	0.00
787	120241.38	0.00
787	309110.09	0.00
788	14999.00	0.00
788	280289.85	0.00
789	14999.00	0.00
789	113857.48	0.00
79	224066.06	0.00
79	201669.66	0.00
790	14999.00	0.00
790	145911.65	0.00
791	14999.00	0.00
791	98663.68	0.00
792	191379.11	0.00
792	94091.91	0.00
793	88430.62	0.00
793	72607.07	0.00
794	125390.91	0.00
794	141358.65	0.00
795	170466.14	0.00
795	128273.03	0.00
796	180897.78	0.00
796	148236.52	0.00
797	245230.00	0.00
797	230301.71	0.00
798	14999.00	0.00
798	186208.27	0.00
799	271133.31	0.00
799	66572.06	0.00
8	133472.91	0.00
8	16251.36	0.00
80	54513.45	0.00
80	14999.00	0.00
800	14999.00	0.00
800	140242.47	0.00
801	192736.16	0.00
801	119690.49	0.00
802	178724.22	0.00
802	219526.24	0.00
803	43868.97	0.00
803	245123.01	0.00
804	153021.92	0.00
804	176988.81	0.00
805	287490.63	0.00
805	90058.02	0.00
806	40728.73	0.00
806	198322.63	0.00
807	47821.12	0.00
807	14999.00	0.00
808	157349.04	0.00
808	14999.00	0.00
809	103276.96	0.00
809	300600.13	0.00
81	81138.02	0.00
81	34414.20	0.00
810	134319.35	0.00
810	111554.49	0.00
811	14999.00	0.00
811	14999.00	0.00
812	76825.45	0.00
812	111944.63	0.00
813	287971.10	0.00
813	220695.68	0.00
814	265793.71	0.00
814	212697.96	0.00
815	179743.44	0.00
815	80980.73	0.00
816	107294.08	0.00
816	59535.08	0.00
817	155689.97	0.00
817	67363.97	0.00
818	102733.93	0.00
818	295823.69	0.00
819	85606.54	0.00
819	66771.82	0.00
82	209670.55	0.00
82	259148.81	0.00
820	32739.78	0.00
820	145192.22	0.00
821	122156.67	0.00
821	255961.02	0.00
822	14999.00	0.00
822	227118.39	0.00
823	96687.73	0.00
823	14999.00	0.00
824	185040.71	0.00
824	185014.73	0.00
825	264998.89	0.00
825	14999.00	0.00
826	311583.18	0.00
826	216556.83	0.00
827	100525.16	0.00
827	172785.45	0.00
828	44235.71	0.00
828	14999.00	0.00
829	272796.19	0.00
829	154108.16	0.00
83	238225.29	0.00
83	144080.68	0.00
830	111930.21	0.00
830	267214.00	0.00
831	133000.71	0.00
831	298246.36	0.00
832	153305.42	0.00
832	309580.96	0.00
833	17141.48	0.00
833	254375.93	0.00
834	114871.02	0.00
834	14999.00	0.00
835	104640.65	0.00
835	14999.00	0.00
836	141177.61	0.00
836	89056.71	0.00
837	24723.29	0.00
837	157623.25	0.00
838	153629.81	0.00
838	14999.00	0.00
839	14999.00	0.00
839	207074.71	0.00
84	37283.21	0.00
84	100013.32	0.00
840	278461.99	0.00
840	123577.41	0.00
841	136373.47	0.00
841	72753.39	0.00
842	283533.87	0.00
842	227386.28	0.00
843	135215.96	0.00
843	325682.75	0.00
844	75279.29	0.00
844	150791.35	0.00
845	14999.00	0.00
845	184581.52	0.00
846	137105.13	0.00
846	94799.62	0.00
847	183183.98	0.00
847	297388.40	0.00
848	137139.72	0.00
848	117192.51	0.00
849	133711.27	0.00
849	87678.97	0.00
85	225780.65	0.00
85	35171.10	0.00
850	14999.00	0.00
850	92519.07	0.00
851	234135.36	0.00
851	178061.54	0.00
852	113348.41	0.00
852	240388.85	0.00
853	149846.63	0.00
853	153631.63	0.00
854	304845.24	0.00
854	257442.56	0.00
855	232596.33	0.00
855	14999.00	0.00
856	124408.31	0.00
856	32149.46	0.00
857	242129.09	0.00
857	54039.92	0.00
858	111497.07	0.00
858	161309.87	0.00
859	22991.83	0.00
859	148532.94	0.00
86	164212.67	0.00
86	75992.18	0.00
860	84648.57	0.00
860	77682.12	0.00
861	14999.00	0.00
861	124876.69	0.00
862	14999.00	0.00
862	150185.49	0.00
863	39796.68	0.00
863	231332.30	0.00
864	136711.56	0.00
864	233677.67	0.00
865	285266.40	0.00
865	150159.90	0.00
866	31772.71	0.00
866	306842.51	0.00
867	127845.80	0.00
867	173835.04	0.00
868	265713.61	0.00
868	64439.59	0.00
869	131047.71	0.00
869	203950.55	0.00
87	113034.42	0.00
87	70551.44	0.00
870	135447.18	0.00
870	149481.78	0.00
871	180493.81	0.00
871	14999.00	0.00
872	92967.98	0.00
872	334282.30	0.00
873	281550.99	0.00
873	19503.08	0.00
874	277407.26	0.00
874	14999.00	0.00
875	293181.47	0.00
875	151175.48	0.00
876	53795.17	0.00
876	277563.25	0.00
877	83461.12	0.00
877	160767.90	0.00
878	116957.73	0.00
878	210523.83	0.00
879	257785.22	0.00
879	110243.93	0.00
88	35055.70	0.00
88	230374.00	0.00
880	278741.21	0.00
880	75102.57	0.00
881	267082.70	0.00
881	103355.49	0.00
882	372499.65	0.00
882	171100.71	0.00
883	192607.42	0.00
883	229588.69	0.00
884	265445.57	0.00
884	114024.35	0.00
885	133212.89	0.00
885	271665.22	0.00
886	105507.63	0.00
886	86988.51	0.00
887	103240.13	0.00
887	88383.16	0.00
888	110862.40	0.00
888	14999.00	0.00
889	120382.27	0.00
889	214047.18	0.00
89	14999.00	0.00
89	43629.32	0.00
890	148693.74	0.00
890	133229.49	0.00
891	38092.29	0.00
891	62869.66	0.00
892	334179.36	0.00
892	90072.07	0.00
893	95318.66	0.00
893	260287.44	0.00
894	14999.00	0.00
894	64410.54	0.00
895	172807.85	0.00
895	299604.75	0.00
896	14999.00	0.00
896	39775.88	0.00
897	181780.78	0.00
897	137998.80	0.00
898	31768.62	0.00
898	14999.00	0.00
899	150548.14	0.00
899	178498.20	0.00
9	107205.62	0.00
9	100719.29	0.00
90	77202.81	0.00
90	179489.14	0.00
900	27518.67	0.00
900	14999.00	0.00
901	198114.08	0.00
901	207245.80	0.00
902	55423.47	0.00
902	294853.23	0.00
903	23295.36	0.00
903	169212.02	0.00
904	283243.17	0.00
904	14999.00	0.00
905	67424.91	0.00
905	274584.30	0.00
906	181485.95	0.00
906	200194.31	0.00
907	101074.37	0.00
907	59764.93	0.00
908	131667.15	0.00
908	14999.00	0.00
909	82426.72	0.00
909	14999.00	0.00
91	14999.00	0.00
91	125842.52	0.00
910	155853.39	0.00
910	69032.84	0.00
911	217206.58	0.00
911	84436.46	0.00
912	19315.84	0.00
912	169529.43	0.00
913	203839.81	0.00
913	215275.18	0.00
914	188502.66	0.00
914	122463.56	0.00
915	108483.59	0.00
915	34852.48	0.00
916	145999.31	0.00
916	14999.00	0.00
917	14999.00	0.00
917	104245.02	0.00
918	35439.41	0.00
918	71835.20	0.00
919	140823.74	0.00
919	221308.99	0.00
92	14999.00	0.00
92	247480.98	0.00
920	124947.69	0.00
920	30570.68	0.00
921	182488.88	0.00
921	14999.00	0.00
922	97056.98	0.00
922	177631.07	0.00
923	43360.47	0.00
923	84126.25	0.00
924	29121.45	0.00
924	45265.33	0.00
925	182198.79	0.00
925	61585.02	0.00
926	210332.53	0.00
926	275159.31	0.00
927	229738.79	0.00
927	258718.30	0.00
928	286537.87	0.00
928	116746.46	0.00
929	143705.90	0.00
929	14999.00	0.00
93	46368.83	0.00
93	197555.22	0.00
930	162418.22	0.00
930	51713.78	0.00
931	14999.00	0.00
931	169134.18	0.00
932	160247.23	0.00
932	292000.51	0.00
933	71371.16	0.00
933	14999.00	0.00
934	178651.29	0.00
934	59994.38	0.00
935	124962.93	0.00
935	14999.00	0.00
936	68097.17	0.00
936	237059.14	0.00
937	109840.11	0.00
937	73853.52	0.00
938	14999.00	0.00
938	90920.75	0.00
939	187911.40	0.00
939	153452.02	0.00
94	180860.33	0.00
94	34502.18	0.00
940	212331.63	0.00
940	160443.78	0.00
941	76103.07	0.00
941	60626.42	0.00
942	166947.80	0.00
942	14999.00	0.00
943	167420.71	0.00
943	14999.00	0.00
944	153113.56	0.00
944	157275.00	0.00
945	14999.00	0.00
945	38961.23	0.00
946	14999.00	0.00
946	14999.00	0.00
947	333029.85	0.00
947	52011.52	0.00
948	14999.00	0.00
948	92530.63	0.00
949	14999.00	0.00
949	69547.02	0.00
95	198006.79	0.00
95	113471.95	0.00
950	102530.08	0.00
950	178424.80	0.00
951	93058.66	0.00
951	14999.00	0.00
952	117035.60	0.00
952	146084.09	0.00
953	267480.33	0.00
953	190532.67	0.00
954	104771.70	0.00
954	94983.23	0.00
955	90995.68	0.00
955	105826.74	0.00
956	14999.00	0.00
956	145245.70	0.00
957	61110.23	0.00
957	176165.48	0.00
958	14999.00	0.00
958	14999.00	0.00
959	73927.36	0.00
959	268520.40	0.00
96	14999.00	0.00
96	174414.67	0.00
960	14999.00	0.00
960	227604.35	0.00
961	23215.91	0.00
961	106779.87	0.00
962	73265.67	0.00
962	78824.83	0.00
963	58213.87	0.00
963	121700.04	0.00
964	282124.20	0.00
964	249703.55	0.00
965	15739.80	0.00
965	60834.49	0.00
966	196599.31	0.00
966	239356.63	0.00
967	228667.73	0.00
967	41302.92	0.00
968	14999.00	0.00
968	53960.73	0.00
969	97398.99	0.00
969	151975.17	0.00
97	14999.00	0.00
97	154917.73	0.00
970	175212.15	0.00
970	27704.10	0.00
971	209787.05	0.00
971	235327.63	0.00
972	234794.52	0.00
972	22345.55	0.00
973	219501.12	0.00
973	17509.61	0.00
974	256252.06	0.00
974	81833.37	0.00
975	222812.35	0.00
975	184799.14	0.00
976	250114.68	0.00
976	153541.95	0.00
977	14999.00	0.00
977	110569.03	0.00
978	217917.24	0.00
978	243507.90	0.00
979	140002.07	0.00
979	220052.35	0.00
98	104444.32	0.00
98	148449.54	0.00
980	173900.04	0.00
980	215132.70	0.00
981	81005.15	0.00
981	130978.30	0.00
982	57679.50	0.00
982	176202.00	0.00
983	333809.61	0.00
983	255925.56	0.00
984	222843.75	0.00
984	118223.60	0.00
985	21929.80	0.00
985	300462.21	0.00
986	61998.16	0.00
986	67273.20	0.00
987	119226.86	0.00
987	23503.99	0.00
988	168526.34	0.00
988	66316.88	0.00
989	329766.37	0.00
989	14999.00	0.00
99	148738.45	0.00
99	30447.19	0.00
990	120326.47	0.00
990	168367.74	0.00
991	14999.00	0.00
991	257818.69	0.00
992	116664.82	0.00
992	282075.80	0.00
993	126117.66	0.00
993	63274.60	0.00
994	14999.00	0.00
994	14999.00	0.00
995	115419.04	0.00
995	79211.71	0.00
996	341183.40	0.00
996	14999.00	0.00
997	95672.54	0.00
997	124165.22	0.00
998	173196.92	0.00
998	14999.00	0.00
999	206705.34	0.00
999	225291.86	0.00
